4
0.000000 -4.000000 3.500000
1.000000
-4.000000 72.000000
19.971790 1.767477 -0.004322
8.331568
382.000000 64.453415
0.000000 -9.750000 0.000000
0.676062
4.000000 -39.000000
-5.200000 2.700000 0.000000
0.132182
536.000000 -16.000000
4
6.793103 10.982759 0.025862
1.000000
6.000000 73.620697
16.804321 5.788106 -0.036513
2.406768
86.000000 244.528076
-2.156494 0.925767 -0.004853
2.377522
316.000000 -194.166779
-16.000000 0.000000 0.000000
0.574292
0.000000 -16.000000
5
1.359275 3.093961 0.036310
1.000000
18.000000 68.815079
22.383007 6.567587 -0.043005
2.640316
94.000000 259.747375
-5.603180 0.786465 -0.006283
1.511298
176.000000 -61.799301
1.222752 -2.712838 -0.185418
0.699286
22.000000 -148.202179
-12.000000 0.000000 0.000000
0.649475
0.000000 -12.000000
5
7.500000 -17.875000 -0.812500
1.000000
-4.000000 66.000000
15.000000 0.000000 0.000000
0.866916
0.000000 15.000000
22.393229 3.102862 -0.012533
5.867798
184.000000 169.009171
-2.823096 0.157523 -0.016859
1.568988
114.000000 -203.961884
-6.486934 6.360312 0.097256
0.614148
526.000000 -99.341713
6
5.333333 -23.833334 0.000000
1.000000
-2.000000 53.000000
17.000000 0.000000 0.000000
0.153426
0.000000 17.000000
36.572479 2.361765 -0.007915
6.189809
218.000000 175.297729
-4.208598 0.723346 -0.032233
1.197223
66.000000 -96.874184
-1.760220 -2.262301 -0.306480
0.482521
16.000000 -116.415802
-0.635577 5.062176 -0.076857
0.833566
520.000000 -86.569946
6
5.333333 0.000000 0.000000
1.000000
0.000000 5.333333
32.640888 3.847854 -0.015285
1.852789
158.000000 259.029358
-4.583481 0.649347 -0.008906
1.579446
142.000000 -91.963623
-19.000000 0.000000 0.000000
0.368351
0.000000 -19.000000
-2.034485 -6.344827 -2.293103
0.477066
6.000000 -122.655174
-10.000000 0.000000 0.000000
1.791257
0.000000 -10.000000
4
26.403419 2.223430 -0.007036
1.000000
224.000000 171.433624
-5.389473 0.696719 -0.020012
1.295812
94.000000 -116.727905
0.000000 -9.666668 -4.166667
0.468805
4.000000 -105.333336
0.234290 4.974070 0.127364
0.697374
576.000000 -44.439293
4
22.555210 3.067848 -0.010846
1.000000
228.000000 158.231476
-7.054606 -9.501834 0.132700
1.168418
28.000000 -169.069016
2.552325 -12.033430 0.281250
0.498368
8.000000 -75.715118
0.000000 3.000000 0.000000
0.525531
476.000000 -6.000000
5
3.333333 8.500000 0.416667
1.000000
4.000000 44.000000
36.144276 4.619466 -0.022380
1.926553
124.000000 264.841278
-5.719096 0.924171 -0.007906
1.545247
164.000000 -66.797325
-3.159903 -0.828266 -0.178511
0.625194
26.000000 -145.368179
-13.000000 0.000000 0.000000
0.617622
0.000000 -13.000000
5
1.566154 -0.256853 0.640942
1.000000
-12.000000 96.943977
17.000000 0.000000 0.000000
0.969942
0.000000 17.000000
28.808016 2.091460 -0.006776
3.053009
226.000000 155.389709
-3.718318 0.483660 -0.017261
1.220085
90.000000 -99.999916
-16.000000 0.000000 0.000000
0.351198
0.000000 -16.000000
6
-0.017444 4.780523 0.968750
1.000000
-10.000000 49.052322
8.000000 0.000000 0.000000
0.685267
0.000000 8.000000
31.570129 2.861933 -0.010534
5.721154
180.000000 205.422729
-0.979947 0.306215 -0.003705
1.657731
218.000000 -110.279182
-14.000000 0.000000 0.000000
0.508704
0.000000 -14.000000
-3.520490 5.165838 0.106790
0.239308
622.000000 -65.989517
5
10.666667 0.000000 0.000000
1.000000
0.000000 10.666667
29.327547 4.182005 -0.016361
4.305700
150.000000 288.499359
-4.396400 0.497762 -0.003980
1.567695
186.000000 -49.513229
5.696702 -9.708917 0.068587
0.770572
16.000000 -132.087738
0.000000 6.500000 0.250000
0.550613
596.000000 -30.000000
5
8.500000 0.000000 0.000000
1.000000
0.000000 8.500000
45.063679 3.049658 -0.010434
1.623666
208.000000 227.964371
-2.775864 -0.027006 -0.006860
1.334334
126.000000 -115.081673
-0.475708 -1.664695 -0.373748
0.474338
14.000000 -97.036018
-1.046921 4.543622 0.090897
0.608956
534.000000 -50.475334
4
6.500000 -9.125000 1.312500
1.000000
-4.000000 64.000000
13.000000 0.000000 0.000000
0.344322
0.000000 13.000000
10.322429 1.449437 -0.003001
6.559822
358.000000 144.609726
-11.359809 -0.555836 -0.060606
1.360081
54.000000 -218.102524
4
22.797464 4.576384 -0.016870
1.000000
154.000000 327.482574
-6.587463 0.677857 -0.007594
1.579029
176.000000 -122.503090
1.540397 -1.856580 -0.079328
0.606099
30.000000 -125.552605
-0.000001 1.888889 -0.037037
0.575077
552.000000 -46.000000
6
1.000000 -3.500000 0.000000
1.000000
-2.000000 8.000000
37.883453 2.894835 -0.009429
1.608238
198.000000 241.395386
-4.440067 0.422577 -0.003536
1.474120
190.000000 -51.810986
-1.815033 4.282274 -1.133430
0.553690
12.000000 -113.641617
0.483332 15.212500 0.760417
0.640028
-8.000000 -72.549995
-1.000000 0.500000 0.000000
0.459502
614.000000 -3.000000
5
8.400000 0.000000 0.000000
1.000000
0.000000 8.400000
42.245277 4.096949 -0.016190
3.991033
170.000000 270.843903
-4.103461 0.381927 -0.004396
1.544147
198.000000 -100.812057
-4.436689 -1.365283 -0.335794
0.582829
18.000000 -137.809113
0.449997 10.887500 0.656250
0.585497
624.000000 -44.650002
5
2.382021 -21.595507 -1.752809
1.000000
-4.000000 60.719105
2.141927 3.686143 -0.018020
0.960591
84.000000 184.628326
-2.563029 1.337100 -0.004991
2.022831
276.000000 -13.714488
3.822504 -6.890424 0.036208
0.914834
22.000000 -130.242294
0.115299 2.813747 -0.052106
0.456513
608.000000 -41.152992
4
0.000000 -2.000000 0.000000
1.000000
-2.000000 4.000000
23.443375 2.565044 -0.006022
2.377487
308.000000 242.190750
-5.163326 -1.206149 -0.085301
1.111478
34.000000 -144.779907
0.236363 6.959091 0.261364
0.359962
626.000000 -38.709091
3
3.333333 0.000000 0.000000
1.000000
0.000000 3.333333
19.898743 1.494369 -0.009964
1.059711
154.000000 13.736816
2.130432 -9.257246 0.382246
1.037647
6.000000 -39.652176
4
31.762617 1.849837 -0.007827
1.000000
180.000000 111.139755
-3.194502 0.787402 -0.029719
1.212325
68.000000 -87.070099
0.000000 -18.000000 0.000000
0.391366
2.000000 -36.000000
0.181818 3.545455 0.181818
0.442614
482.000000 -16.545456
4
1.000000 3.250000 1.625000
1.000000
-6.000000 40.000000
24.331966 1.621158 -0.004420
4.732548
324.000000 85.590088
5.866661 -27.949999 2.108333
1.004358
4.000000 -72.200005
0.046564 2.444013 0.075111
0.264413
588.000000 -18.465631
6
0.000000 -1.000000 0.500000
1.000000
-4.000000 12.000000
-2.281605 -6.597643 0.110728
0.795693
-12.000000 92.835014
7.502772 1.787104 -0.005899
2.905466
150.000000 142.845261
-7.110596 0.723517 -0.004724
1.409816
228.000000 -87.730759
-3.427148 -15.197016 0.734170
0.724197
8.000000 -78.016396
0.171982 2.477580 0.012495
0.413508
616.000000 -40.376213
4
1.000000 0.000000 0.000000
1.000000
0.000000 1.000000
38.672939 2.336439 -0.006839
2.920453
244.000000 201.615143
-3.454742 0.176408 -0.010082
1.340352
124.000000 -136.603226
-5.009524 7.797047 0.177763
0.526339
590.000000 -87.761299
5
-0.190012 -2.588319 0.037520
1.000000
-40.000000 163.375092
48.554565 2.340790 -0.006273
1.148442
232.000000 253.974915
-4.783042 0.592570 -0.006201
0.999594
160.000000 -68.725563
-1.718640 -2.997574 -0.299896
0.522729
16.000000 -126.453224
-0.131614 4.727141 -0.000976
0.883478
580.000000 -152.399078
6
6.097084 2.442800 0.249500
1.000000
-28.000000 133.306839
20.000000 0.000000 0.000000
0.388232
0.000000 20.000000
23.839434 1.857543 -0.004390
2.843274
292.000000 191.936356
-3.433909 0.249957 -0.009532
1.228396
116.000000 -102.702126
0.000000 -5.333333 -0.791667
0.389594
8.000000 -93.333328
-5.744831 4.876885 0.026195
0.918803
596.000000 -114.835724
6
3.070183 1.311075 0.360871
1.000000
-18.000000 96.393173
18.000000 0.000000 0.000000
0.373887
0.000000 18.000000
43.969929 1.496268 -0.003156
4.112095
322.000000 198.530991
-2.383046 0.865879 -0.027882
1.123432
72.000000 -84.580383
2.875824 -3.285945 -0.048501
0.741748
46.000000 -250.906006
0.000000 2.750000 0.125000
0.835866
678.000000 -14.000000
6
1.000001 -4.416667 -0.166667
1.000000
-12.000000 30.000000
17.912909 -8.353714 -0.196540
0.576091
-6.000000 60.959740
4.860372 0.987957 -0.002818
1.891966
214.000000 87.217232
-8.339465 0.865441 -0.010496
1.245936
172.000000 -170.005432
0.000000 -13.750000 0.000000
0.563371
4.000000 -55.000000
0.976188 15.303571 0.943452
0.338643
640.000000 -61.071426
5
14.703032 3.597709 -0.012661
1.000000
158.000000 267.068878
-3.426064 0.784619 -0.003504
1.178349
210.000000 6.808159
-12.000000 0.000000 0.000000
0.461839
0.000000 -12.000000
4.469287 -11.374151 -0.070851
1.089162
20.000000 -251.354156
0.000000 4.500000 0.750000
1.114649
622.000000 -6.000000
4
3.677795 0.048014 0.251569
1.000000
-22.000000 124.381081
23.770473 1.618259 -0.004396
1.305182
308.000000 105.125031
-7.174845 -0.762067 -0.032158
0.986333
66.000000 -197.550293
-13.000000 0.000000 0.000000
0.464354
0.000000 -13.000000
4
4.728550 1.729715 0.267129
1.000000
-22.000000 95.965225
29.723356 1.977037 -0.005075
4.845100
352.000000 96.814240
0.000000 2.888889 -0.861111
0.722120
12.000000 -89.333328
-12.000000 0.000000 0.000000
0.258935
0.000000 -12.000000
5
1.973716 -0.804971 0.093878
1.000000
-28.000000 98.113487
18.000000 0.000000 0.000000
0.954339
0.000000 18.000000
24.162842 1.319867 -0.003193
4.421437
374.000000 71.151215
-7.789411 4.976570 -0.929105
1.000527
14.000000 -120.221970
-4.706732 6.706330 0.199319
0.372671
614.000000 -60.841347
5
0.000000 -2.000000 0.000000
1.000000
-2.000000 4.000000
2.301430 -0.292659 0.357037
0.669789
-18.000000 123.249130
10.921663 1.448920 -0.003282
4.530805
360.000000 107.212982
-2.661145 0.376898 -0.154527
1.070308
36.000000 -189.359283
0.000000 2.666667 0.166667
0.421003
650.000000 -10.000000
6
-0.333978 -1.471148 0.012814
1.000000
-20.000000 34.214703
-1.793102 -3.063218 0.158046
0.264444
-12.000000 57.724140
5.370138 2.815664 -0.012826
2.992781
98.000000 158.121872
-6.058006 0.793020 -0.003452
1.850920
278.000000 -52.367973
-4.228568 1.100671 -0.179585
0.916598
32.000000 -152.901642
-1.929647 9.298995 0.536432
0.481113
658.000000 -41.276382
6
0.000000 -1.000000 0.000000
1.000000
-4.000000 4.000000
-8.536503 -12.456770 -0.450333
0.584651
-8.000000 62.296352
5.290441 1.796806 -0.005842
2.408892
130.000000 140.143616
-6.263239 0.889611 -0.004033
1.473520
248.000000 -33.698463
-1.952515 0.384248 -0.102060
0.873970
34.000000 -106.869141
0.440000 3.260000 0.050000
0.501224
-14.000000 -35.400002
4
0.621418 -0.673353 0.186810
1.000000
-16.000000 59.218311
4.458412 1.992010 -0.007040
3.203117
130.000000 144.437531
-5.906179 0.575418 -0.003587
1.812637
260.000000 -98.786812
0.000000 -22.500000 0.000000
0.658776
2.000000 -45.000000
5
4.351942 0.789452 0.297287
1.000000
-16.000000 67.826111
17.000000 0.000000 0.000000
0.908183
0.000000 17.000000
27.348459 1.645001 -0.003600
5.534031
314.000000 188.944504
2.548120 -0.203207 -0.121038
1.745459
46.000000 -262.916229
0.000000 5.000000 0.000000
0.458494
654.000000 -10.000000
5
-0.562592 -0.854320 0.042035
1.000000
-18.000000 28.434464
-1.736842 -24.828947 -2.875000
0.203270
-4.000000 51.578945
9.193743 1.384160 -0.003546
6.358111
352.000000 57.062576
0.668928 -3.035458 -0.068269
1.063809
24.000000 -111.504829
0.000000 2.500000 0.250000
0.319418
652.000000 -6.000000
5
6.000000 0.000000 0.000000
1.000000
0.000000 6.000000
9.074326 1.876295 -0.006544
1.313643
126.000000 141.595367
-3.880078 0.800573 -0.003693
1.981780
260.000000 -45.354534
-3.791504 4.054180 -0.369185
0.840331
26.000000 -147.951874
-7.000000 0.000000 0.000000
0.473533
0.000000 -7.000000
4
44.829300 2.728537 -0.011123
1.000000
150.000000 203.849213
-4.083991 0.871885 -0.007428
1.861065
180.000000 -87.825432
-1.752398 -0.619243 -0.132675
0.641314
30.000000 -139.737015
-0.594962 1.655761 0.017398
0.642147
550.000000 -34.609863
7
2.000000 -1.954545 0.613636
1.000000
-10.000000 82.909088
15.000000 0.000000 0.000000
0.265685
0.000000 15.000000
19.205688 3.581814 -0.016879
3.477612
138.000000 192.045074
-3.589391 0.313136 -0.005668
1.616524
154.000000 -89.792046
-0.000003 1.033333 -0.616667
0.496128
10.000000 -51.333340
-10.000000 0.000000 0.000000
0.312810
0.000000 -10.000000
-5.301564 2.016373 -0.028373
1.370312
526.000000 -106.657249
3
1.238096 2.428571 0.976190
1.000000
-8.000000 44.285713
31.101217 2.343696 -0.007362
3.459740
290.000000 91.667076
-0.252909 -5.085925 -0.175290
0.905673
578.000000 -148.593674
5
0.000000 -3.000000 0.000000
1.000000
-2.000000 6.000000
8.377136 2.182635 -0.009168
0.525130
140.000000 134.251495
-6.765015 0.794755 -0.008544
1.485705
158.000000 -94.476143
-8.305527 3.753011 -0.560149
0.930916
20.000000 -157.305084
-8.000000 0.000000 0.000000
0.614974
0.000000 -8.000000
3
17.513950 3.442635 -0.010147
1.000000
252.000000 240.669647
-1.465658 -0.257112 -0.017958
1.243112
98.000000 -199.134995
-23.000000 -1.500000 0.000000
0.374278
0.000000 -23.000000
6
4.000000 6.500000 1.750000
1.000000
4.000000 58.000000
0.000000 13.500000 0.000000
1.066235
2.000000 27.000000
29.532770 1.855302 -0.005284
4.343200
216.000000 183.760818
-4.565722 0.752444 -0.014762
1.362564
108.000000 -95.482384
-2.855312 -1.435784 -0.121445
0.543263
26.000000 -122.282249
-0.428574 5.902597 0.292208
0.720860
598.000000 -30.233768
5
5.333333 0.000000 0.000000
1.000000
0.000000 5.333333
7.288208 2.406799 -0.011867
1.115248
106.000000 129.074799
-8.526267 0.783836 -0.004325
2.025773
234.000000 -61.909706
2.211188 -1.527538 -0.679287
1.054609
12.000000 -113.936607
0.000000 6.000000 0.666667
0.465834
554.000000 -12.000000
4
1.000000 0.000000 0.000000
1.000000
0.000000 1.000000
27.007812 2.168326 -0.007142
2.239882
278.000000 77.868408
-1.049770 -0.079722 -0.496643
0.880470
14.000000 -99.507919
-8.000000 0.000000 0.000000
0.360649
0.000000 -8.000000
6
7.512331 -7.275038 0.393055
1.000000
-12.000000 151.412689
33.386101 1.749560 -0.004295
4.149132
334.000000 138.558197
-3.282384 -0.193601 -0.029727
0.783413
58.000000 -114.511871
-11.000000 0.000000 0.000000
0.294405
0.000000 -11.000000
0.000000 4.250000 -3.375000
0.380544
-4.000000 -71.000000
-14.000000 0.000000 0.000000
1.451322
0.000000 -14.000000
5
22.550177 4.038673 -0.015327
1.000000
164.000000 272.655792
-3.049402 0.156486 -0.003167
1.705822
230.000000 -134.592697
0.000000 -13.250000 0.687500
0.548778
8.000000 -62.000000
-0.078707 2.206804 0.015869
0.476450
-60.000000 -75.356949
-2.000000 0.000000 0.000000
0.664569
614.000000 -2.000000
3
5.813334 -6.440000 0.886667
1.000000
-6.000000 76.373329
7.301196 2.373306 -0.006268
3.585107
342.000000 85.889389
-13.000000 0.000000 0.000000
0.604644
0.000000 -13.000000
3
19.599722 3.427714 -0.012110
1.000000
194.000000 228.807571
-3.505531 0.435382 -0.006643
1.410986
166.000000 -114.299904
-34.282497 9.902643 0.149206
0.685017
642.000000 -164.187378
4
0.000001 -0.166666 0.916667
1.000000
-6.000000 33.999996
38.495972 1.998517 -0.004802
1.101041
286.000000 217.266174
-1.786667 0.625722 -0.015261
1.083797
90.000000 -69.087135
9.275709 25.395752 0.883701
0.605836
-14.000000 -173.059509
3
16.511078 4.864159 -0.021094
1.000000
164.000000 246.886749
-0.950568 -0.540279 -0.010635
1.527035
120.000000 -218.921173
-17.000000 0.000000 0.000000
0.450219
0.000000 -17.000000
5
35.135860 -18.167038 -0.685969
1.000000
-2.000000 68.726059
2.505913 1.743943 -0.005779
1.345836
116.000000 127.045372
-8.143555 0.778001 -0.005983
1.200500
210.000000 -108.602722
-3.551845 -3.937014 -0.128366
0.905617
22.000000 -152.295273
0.242716 6.097897 0.223706
0.567185
-12.000000 -40.718449
4
5.413334 -3.240000 1.786667
1.000000
-6.000000 89.173325
20.297256 2.455771 -0.006238
6.315164
316.000000 173.461502
-4.041083 1.856036 -0.427109
1.087745
22.000000 -169.929260
-0.067690 2.763316 0.037780
0.439914
584.000000 -37.566803
6
0.000000 -3.000000 0.000000
1.000000
-2.000000 6.000000
5.494088 2.578258 0.337872
0.420342
-22.000000 112.302559
38.696777 3.478258 -0.013949
3.789796
168.000000 229.336853
-1.604777 0.059597 -0.006555
1.225923
150.000000 -140.157486
-3.878758 0.683451 -0.253533
0.612881
26.000000 -157.497192
0.857146 6.964286 0.276786
0.667241
-12.000000 -42.857140
5
19.115789 -6.423685 0.164474
1.000000
-2.000000 32.621056
4.381091 2.773282 -0.011511
1.652914
92.000000 162.093689
-5.495097 1.274371 -0.006549
1.628964
244.000000 -84.438759
-3.349993 2.976752 -0.448345
0.838063
22.000000 -154.860550
-0.000001 7.416667 0.708333
0.512076
624.000000 -19.000000
6
2.666667 0.000000 0.000000
1.000000
0.000000 2.666667
-0.171009 -2.649923 0.796587
0.468726
-10.000000 105.986969
16.000000 0.000000 0.000000
1.407642
0.000000 16.000000
26.745289 2.185085 -0.006698
3.129572
276.000000 119.564529
-4.272208 1.892593 -0.306658
1.083515
26.000000 -162.365250
-6.211227 7.165998 0.201983
0.524065
-20.000000 -68.737976
5
5.683358 -6.641702 0.264260
1.000000
-12.000000 123.437233
14.515409 1.996296 -0.004747
4.961693
346.000000 136.920868
0.000000 -28.750000 2.875000
0.761446
4.000000 -69.000000
0.000000 4.916667 -0.520833
0.277549
-8.000000 -72.666672
0.400000 3.531818 0.047727
0.998521
584.000000 -56.872723
5
6.702705 -0.990991 0.585586
1.000000
-12.000000 102.918922
7.460314 3.673958 -0.020000
1.198247
62.000000 158.366287
-1.435318 1.470927 -0.009024
1.981876
232.000000 -145.884781
-15.000000 0.000000 0.000000
0.586415
0.000000 -15.000000
0.414486 3.470227 0.022454
0.241150
560.000000 -83.483376
5
4.522522 2.867014 0.500892
1.000000
-16.000000 86.878723
13.779468 5.687784 -0.053149
1.594668
54.000000 165.936630
-6.480924 1.256918 -0.005139
1.695639
236.000000 3.905765
-5.123753 0.700796 -0.108423
0.874695
40.000000 -150.568314
-1.706731 5.804087 0.142428
0.621430
602.000000 -60.033649
5
1.000000 0.000000 0.000000
1.000000
0.000000 1.000000
0.000000 0.500000 3.750000
0.243397
-4.000000 58.000000
33.875706 3.498938 -0.012214
7.404058
198.000000 247.820007
-4.692216 0.393612 -0.022948
1.549219
112.000000 -248.473297
-15.000000 0.000000 0.000000
0.478450
0.000000 -15.000000
5
2.009479 0.199052 0.360190
1.000000
-12.000000 51.488155
12.000000 0.000000 0.000000
0.675740
0.000000 12.000000
21.606039 2.273633 -0.005722
7.248422
278.000000 211.453018
-6.011909 -0.579075 -0.023482
1.285961
74.000000 -177.449402
-9.617393 6.028929 0.105278
0.508610
604.000000 -95.201630
5
15.000000 0.000000 0.000000
1.000000
0.000000 15.000000
16.793413 3.389798 -0.010391
1.467331
216.000000 264.182587
-5.072205 0.283723 -0.019845
1.374960
102.000000 -182.601669
0.000000 -11.500000 0.000000
0.380067
4.000000 -46.000000
0.283163 3.310842 -0.009815
0.347855
616.000000 -84.830536
6
1.000000 -0.166667 3.333333
1.000000
-4.000000 55.000000
37.429310 3.412256 -0.012643
2.815237
160.000000 259.728912
-3.974922 0.689274 -0.005090
1.447274
176.000000 -40.340454
-3.552944 1.198136 -0.289843
0.616675
26.000000 -168.335495
-14.000000 0.000000 0.000000
0.613919
0.000000 -14.000000
3.251700 10.284014 0.300170
0.365807
634.000000 -84.448982
4
1.319646 -0.164342 0.249117
1.000000
-18.000000 84.991684
27.312029 2.317070 -0.005802
3.947452
326.000000 166.051041
-3.226737 3.114823 -0.448493
0.867459
22.000000 -151.771347
-14.000000 0.000000 0.000000
0.374807
0.000000 -14.000000
4
3.576028 1.773681 0.393542
1.000000
-16.000000 75.943909
19.048340 1.941941 -0.004960
5.725335
354.000000 84.986145
-0.920096 3.644068 -2.508475
0.835677
8.000000 -132.309921
-10.000000 0.000000 0.000000
0.362325
0.000000 -10.000000
3
15.047729 2.239041 -0.005426
1.000000
340.000000 149.052246
-4.610631 0.739218 -0.117624
1.004652
40.000000 -163.239639
0.145453 5.936363 0.295455
0.400605
662.000000 -28.436363
7
8.666667 0.000000 0.000000
1.000000
0.000000 8.666667
0.000000 -4.750000 3.625000
0.284293
-4.000000 77.000000
20.000000 0.000000 0.000000
1.322857
0.000000 20.000000
39.165188 2.857908 -0.011369
3.500340
172.000000 194.385895
-3.805036 0.594021 -0.023295
1.458076
82.000000 -111.732040
-2.563825 -0.442689 -0.191010
0.552746
26.000000 -143.196381
0.181818 4.500000 0.113636
0.846631
584.000000 -40.545456
4
1.000000 0.000000 0.000000
1.000000
0.000000 1.000000
10.895926 6.074095 -0.049718
1.150867
82.000000 174.669388
-3.591071 0.486825 -0.010692
1.951043
146.000000 -160.426270
-0.499876 -3.315592 -0.014917
0.644249
386.000000 -80.662704
3
7.243430 7.396498 -0.059454
1.000000
96.000000 169.381485
-1.276800 -0.381249 -0.012203
0.561842
76.000000 -100.736435
-1.577096 -7.770557 -0.199156
0.524994
392.000000 -99.198235
4
2.000000 14.333333 0.000000
1.000000
2.000000 30.666666
16.000000 0.000000 0.000000
0.258406
0.000000 16.000000
12.371260 1.369126 -0.010725
5.285466
174.000000 -74.124969
0.000000 -17.500000 0.000000
0.748452
2.000000 -35.000000
3
22.896969 3.978282 -0.025944
1.000000
108.000000 149.937012
-4.809719 0.852384 -0.041252
1.471746
64.000000 -119.225761
-11.000000 0.000000 0.000000
0.445951
0.000000 -11.000000
3
20.828039 2.388628 -0.011514
1.000000
194.000000 50.873665
-13.000000 0.000000 0.000000
0.671052
0.000000 -13.000000
-3.782608 2.673913 -0.826087
0.352373
-8.000000 -78.043472
3
25.452589 2.300050 -0.012430
1.000000
164.000000 68.340134
-1.306803 0.600088 -0.094464
1.119861
40.000000 -128.444901
-12.000000 0.000000 0.000000
0.496971
0.000000 -12.000000
3
22.612051 3.129433 -0.018907
1.000000
144.000000 81.201012
-3.890329 0.129434 -0.047078
1.052367
54.000000 -134.179840
-14.000000 0.000000 0.000000
0.499780
0.000000 -14.000000
2
15.721424 3.617191 -0.020090
1.000000
182.000000 8.597340
0.000000 -15.333333 0.000000
0.469336
2.000000 -30.666666
4
5.333333 -18.333334 0.000000
1.000000
-2.000000 42.000000
27.279314 4.393221 -0.025611
3.042544
112.000000 198.056290
-5.517225 0.659663 -0.011764
1.532817
116.000000 -87.286270
-10.492451 5.933483 0.050928
0.769213
440.000000 -172.968979
4
4.000000 -10.500000 0.000000
1.000000
-2.000000 25.000000
24.538042 4.161574 -0.026003
0.750203
116.000000 157.382462
-4.371387 0.419883 -0.018457
1.411074
82.000000 -94.047028
-14.000000 0.000000 0.000000
0.390734
0.000000 -14.000000
5
4.666667 -14.166667 0.000000
1.000000
-2.000000 33.000000
23.492422 4.564149 -0.022951
3.994050
122.000000 238.710770
-4.647046 0.320287 -0.015225
1.609794
102.000000 -130.375595
7.819828 -22.391893 0.578829
0.673271
6.000000 -105.693703
-2.000000 2.000000 0.000000
0.536559
458.000000 -6.000000
4
0.000000 -3.000000 0.000000
1.000000
-2.000000 6.000000
21.103678 2.517392 -0.008311
2.290255
238.000000 149.457321
-5.236679 3.340929 -0.388713
1.117413
24.000000 -148.952911
-12.000000 0.000000 0.000000
0.392877
0.000000 -12.000000
3
27.640812 2.709469 -0.011267
1.000000
174.000000 157.967041
-5.558487 0.916100 -0.066723
1.359704
54.000000 -150.653183
-13.000000 0.000000 0.000000
0.436634
0.000000 -13.000000
4
3.360186 4.439210 0.748860
1.000000
-12.000000 57.925537
13.000000 0.000000 0.000000
0.866300
0.000000 13.000000
20.281925 1.688670 -0.006110
5.302196
246.000000 65.971436
-10.000000 0.000000 0.000000
0.783950
0.000000 -10.000000
5
0.769908 1.483776 0.660029
1.000000
-12.000000 78.008842
34.864979 2.965596 -0.012013
3.902655
180.000000 179.437271
-3.809662 0.093806 -0.020989
1.141770
82.000000 -137.245834
6.179775 -30.741573 2.191011
0.600431
4.000000 -81.730339
0.000000 3.833333 0.083333
0.505927
546.000000 -20.000000
5
0.000000 -1.333333 0.833333
1.000000
6.000000 22.000000
14.062667 4.805759 -0.024349
1.910523
128.000000 230.272354
-3.508510 0.777987 -0.012699
1.338782
106.000000 -63.723934
-3.374411 -2.470774 -0.394155
0.457427
12.000000 -89.781990
0.000000 -19.500000 0.000000
0.568109
2.000000 -39.000000
3
21.341169 3.832196 -0.017601
1.000000
152.000000 197.187607
-3.791119 0.151863 -0.015388
1.249197
82.000000 -94.805542
0.000000 -17.500000 0.000000
0.350307
2.000000 -35.000000
5
26.860239 3.819002 -0.014985
1.000000
172.000000 240.400986
-1.663042 0.184737 -0.015792
1.274044
90.000000 -112.955322
0.000000 -21.000000 0.000000
0.327824
2.000000 -42.000000
-1.416666 9.125000 -1.020833
0.506966
-6.000000 -92.916664
-1.000000 0.000000 0.000000
1.508301
490.000000 -1.000000
3
1.423532 4.948902 -0.020573
1.000000
124.000000 298.763245
-6.387512 0.809415 -0.010941
1.219878
162.000000 -162.388824
-15.000000 0.000000 0.000000
0.428825
0.000000 -15.000000
6
1.068968 -3.887930 1.487069
1.000000
-6.000000 77.931038
16.000000 0.000000 0.000000
0.894302
0.000000 16.000000
36.474670 2.106098 -0.008464
3.233837
178.000000 143.194672
-5.021820 0.844713 -0.025829
1.439542
86.000000 -123.408966
-16.000000 0.000000 0.000000
0.429845
0.000000 -16.000000
-2.432867 -6.775551 0.155311
0.432390
528.000000 -54.657314
6
2.000000 8.083333 3.208333
1.000000
-6.000000 69.000000
16.000000 0.000000 0.000000
0.546161
0.000000 16.000000
26.276791 2.630907 -0.012166
4.012806
176.000000 112.448792
-3.009242 0.387268 -0.038063
1.241638
66.000000 -143.254089
0.000000 -4.250000 -0.812500
0.543632
8.000000 -86.000000
-10.000000 0.000000 0.000000
0.542556
0.000000 -10.000000
5
30.816751 8.559243 -0.074681
1.000000
78.000000 244.080032
-3.584587 0.671783 -0.009819
1.727220
142.000000 -106.182419
-0.955127 0.959135 -0.409054
0.506886
18.000000 -116.224358
0.000000 -17.000000 0.000000
0.559799
2.000000 -34.000000
-2.744156 -6.878067 0.204074
0.488973
508.000000 -55.894279
5
6.000000 -15.250000 -0.125000
1.000000
-6.000000 93.000000
18.000000 0.000000 0.000000
0.665209
0.000000 18.000000
25.998520 2.132560 -0.009675
4.993326
258.000000 -67.811478
0.000000 -25.000000 0.000000
0.607954
2.000000 -50.000000
-15.000000 0.000000 0.000000
0.182362
0.000000 -15.000000
4
14.000000 0.000000 0.000000
1.000000
0.000000 14.000000
14.497966 2.275340 -0.011775
4.871475
206.000000 -16.477680
0.000000 -8.000000 -3.500000
0.783302
4.000000 -88.000000
-10.000000 0.000000 0.000000
0.404580
0.000000 -10.000000
2
23.642822 1.617698 -0.008567
1.000000
236.000000 -71.752014
0.000000 -23.000000 0.000000
0.651096
2.000000 -46.000000
3
17.237209 1.597328 -0.011956
1.000000
108.000000 50.295864
-2.277856 0.560499 -0.028855
1.858731
80.000000 -142.112396
-11.333333 0.000000 0.000000
0.614766
0.000000 -11.333333
5
4.204729 -1.000945 0.291170
1.000000
18.000000 80.526642
23.788097 3.094812 -0.020488
2.832535
102.000000 126.302200
-4.785471 0.573441 -0.007946
1.529363
162.000000 -120.427437
-2.638039 0.242234 -0.698217
0.762787
12.000000 -100.274483
-2.000000 -2.000000 0.000000
0.433067
510.000000 -6.000000
5
0.000000 2.250000 2.375000
1.000000
-4.000000 29.000000
28.435181 4.583828 -0.025783
1.514626
106.000000 224.628571
-4.327624 0.466844 -0.009623
2.176839
156.000000 -165.676071
-0.388062 8.466419 -2.236940
0.657330
10.000000 -139.417908
0.000000 -14.000000 0.000000
0.564208
524.000000 -28.000000
4
0.000000 -4.500000 0.000000
1.000000
-2.000000 9.000000
22.721201 4.721306 -0.021929
1.529783
126.000000 269.462952
-7.214606 1.049160 -0.016502
1.605474
116.000000 -107.564888
-17.000000 0.000000 0.000000
0.354861
0.000000 -17.000000
3
15.528114 2.564512 -0.010952
1.000000
236.000000 10.777443
-1.449931 -1.313554 -0.247071
0.930454
22.000000 -149.930496
-3.333333 0.000000 0.000000
0.478251
516.000000 -3.333333
5
10.000000 0.000000 0.000000
1.000000
0.000000 10.000000
19.471436 4.790539 -0.021053
1.930719
154.000000 257.911774
-3.316406 0.532459 -0.020486
1.359644
94.000000 -134.281097
0.000000 13.916667 -3.208333
0.412857
8.000000 -93.999992
-13.000000 0.000000 0.000000
0.573733
0.000000 -13.000000
5
9.600000 0.000000 0.000000
1.000000
0.000000 9.600000
31.256958 5.089497 -0.033654
4.157201
102.000000 200.244904
-3.426506 0.625624 -0.010944
1.801858
132.000000 -111.531616
-5.516567 -1.496897 -0.281888
0.707550
22.000000 -174.882111
-10.000000 0.000000 0.000000
0.671710
0.000000 -10.000000
3
35.398693 3.132785 -0.016080
1.000000
158.000000 128.963547
-4.042881 0.027167 -0.030616
1.462252
80.000000 -197.815033
-15.000000 0.000000 0.000000
0.534971
0.000000 -15.000000
3
28.364878 2.961474 -0.016242
1.000000
142.000000 121.388710
-4.216165 0.370022 -0.025253
1.333513
74.000000 -115.119423
0.000000 -23.500000 0.000000
0.449593
2.000000 -47.000000
5
2.000000 -4.833333 0.000000
1.000000
-4.000000 21.333334
35.699585 3.167673 -0.014443
5.375772
162.000000 169.825439
-5.246381 0.265814 -0.023064
1.475938
88.000000 -160.464310
-62.000000 33.250000 -9.625000
0.632834
0.000000 -62.000000
0.282051 5.596154 0.150641
0.480716
490.000000 -34.846153
4
0.000000 -1.000000 0.000000
1.000000
-4.000000 4.000000
11.969610 2.281046 -0.007157
3.350296
292.000000 67.819527
0.059229 5.712985 -1.692483
0.909829
10.000000 -112.059219
-4.000000 0.000000 0.000000
0.327065
528.000000 -4.000000
4
0.000000 -4.333333 0.000000
1.000000
-4.000000 17.333334
12.824553 2.784115 -0.009606
2.137817
182.000000 201.344879
-3.937402 0.254186 -0.012990
1.856617
150.000000 -258.079865
-2.000000 -10.375000 2.187500
0.563245
540.000000 -14.000000
4
2.000000 -10.000000 0.000000
1.000000
-2.000000 22.000000
13.853933 3.024301 -0.012179
0.734902
146.000000 195.789566
-5.231332 0.720026 -0.008810
1.983010
180.000000 -161.079590
-0.400934 -3.873279 -0.436523
0.608540
572.000000 -82.786003
6
-0.277444 -0.734523 0.049907
1.000000
-18.000000 29.113785
-0.000006 8.055554 2.638889
0.158544
-6.000000 46.666664
10.000000 0.000000 0.000000
1.079132
0.000000 10.000000
11.438868 1.236317 -0.006859
5.748727
236.000000 -78.789986
1.224649 -4.377405 -0.080408
0.939183
10.000000 -50.590225
0.000000 2.000000 0.000000
0.246623
488.000000 -4.000000
5
0.000000 -3.333333 0.000000
1.000000
-2.000000 6.666667
23.098671 2.708837 -0.012705
3.410147
172.000000 113.158119
-4.303005 0.529294 -0.029389
1.101726
68.000000 -104.203590
0.000000 -9.250000 0.000000
0.401575
4.000000 -37.000000
-0.092443 6.249531 0.071049
0.520931
444.000000 -81.896309
6
4.087624 0.721543 0.138254
1.000000
-30.000000 106.870323
10.000000 0.000000 0.000000
0.781519
0.000000 10.000000
20.747456 2.401553 -0.010279
1.877115
170.000000 131.955643
-6.656786 0.406749 -0.016727
1.566522
110.000000 -164.310135
0.000000 -7.000000 -2.500000
0.580747
4.000000 -68.000000
-12.000000 0.000000 0.000000
0.353107
0.000000 -12.000000
5
0.543387 -0.324798 0.149834
1.000000
-16.000000 44.097679
0.000000 -2.166666 3.416667
0.980319
-4.000000 63.333332
17.481844 2.326324 -0.008127
6.532941
254.000000 84.040497
-4.009040 -0.306450 -0.096729
0.890055
40.000000 -171.033966
-7.000000 0.000000 0.000000
0.469693
0.000000 -7.000000
4
23.270302 4.649603 -0.022620
1.000000
116.000000 258.251801
-2.240341 0.681919 -0.011920
1.768411
124.000000 -100.958885
-7.484847 -3.123786 -0.116919
0.655037
28.000000 -186.615173
-6.500000 4.250000 0.000000
0.698657
486.000000 -15.000000
4
6.610101 2.505122 0.393970
1.000000
-20.000000 114.095558
14.000000 0.000000 0.000000
0.391165
0.000000 14.000000
10.960821 2.832395 -0.012077
3.233682
232.000000 18.031744
-11.000000 0.000000 0.000000
0.589744
0.000000 -11.000000
4
3.939765 3.188979 0.609337
1.000000
-16.000000 108.906479
26.286203 3.089480 -0.012239
5.089975
256.000000 15.066965
0.000000 -8.333333 -1.333333
0.481882
4.000000 -54.666664
0.000000 -16.333334 0.000000
0.217597
2.000000 -32.666668
6
4.248856 0.860150 0.227717
1.000000
-22.000000 95.540688
15.000000 0.000000 0.000000
1.035392
0.000000 15.000000
28.554142 2.969724 -0.013565
2.361550
156.000000 161.710968
-4.213783 0.373735 -0.022400
1.430678
82.000000 -124.187820
-3.869779 -10.654177 -0.010749
0.588071
10.000000 -111.486481
-8.000000 0.000000 0.000000
0.594478
0.000000 -8.000000
4
4.479353 -0.463391 0.149399
1.000000
-26.000000 117.521118
15.000000 0.000000 0.000000
0.890693
0.000000 15.000000
30.551479 1.832445 -0.007405
3.426926
262.000000 2.359798
0.000000 -21.500000 0.000000
0.704208
2.000000 -43.000000
5
2.552631 -2.940789 1.062500
1.000000
-6.000000 58.447369
12.000000 0.000000 0.000000
0.752368
0.000000 12.000000
25.245230 2.229620 -0.008258
4.453462
188.000000 152.560501
-4.661918 0.195771 -0.019250
1.401810
84.000000 -124.043968
-5.338477 -4.992980 -0.032146
0.810332
30.000000 -184.059540
6
-0.647852 -3.747239 0.312883
1.000000
-12.000000 89.374237
16.000000 0.000000 0.000000
0.970450
0.000000 16.000000
38.405006 2.905768 -0.011298
3.008962
172.000000 203.945831
-4.115797 0.425901 -0.006838
1.681048
166.000000 -121.857361
0.000000 -6.125000 -0.593750
0.537639
8.000000 -87.000000
-18.000000 0.000000 0.000000
0.357601
0.000000 -18.000000
4
22.754187 2.450080 -0.009166
1.000000
154.000000 182.678802
-5.023722 0.611861 -0.006402
1.800745
176.000000 -95.638634
3.619766 -7.646534 0.056280
0.623901
8.000000 -53.950584
0.000000 12.500000 0.000000
0.365731
-2.000000 -25.000000
5
0.133334 -0.600000 0.616667
1.000000
-6.000000 25.933332
23.408377 2.070199 -0.007638
3.737922
168.000000 155.614975
-4.815192 0.849141 -0.012797
1.377250
106.000000 -58.590736
0.499997 -9.119047 -0.541667
0.626351
8.000000 -107.119049
-3.000000 6.100000 0.000000
0.673347
486.000000 -15.200000
6
1.000000 -0.500000 2.000000
1.000000
-4.000000 35.000000
21.843430 3.116897 -0.014110
1.485574
148.000000 174.081100
-3.371538 0.401538 -0.011164
1.340785
98.000000 -71.235970
-0.566589 3.296610 -1.826271
0.535244
8.000000 -91.075066
-0.121213 4.204545 -0.003788
0.846768
-14.000000 -59.727272
0.322580 3.080645 0.217742
0.435258
478.000000 -10.322582
6
0.000000 10.333333 2.708333
1.000000
-6.000000 35.500000
11.000000 0.000000 0.000000
0.570371
0.000000 11.000000
19.366915 2.736180 -0.010093
5.075469
178.000000 186.631836
-2.922862 0.189462 -0.009619
1.423781
110.000000 -98.469788
-8.000000 0.000000 0.000000
0.385688
0.000000 -8.000000
-6.275642 3.954479 0.029910
0.768743
468.000000 -131.031998
4
1.861820 1.730564 0.269003
1.000000
-16.000000 43.037647
21.662045 2.471714 -0.009461
1.880438
176.000000 163.627747
-4.720927 0.611512 -0.029088
1.128544
68.000000 -97.639397
-8.073453 4.518060 0.041947
0.663164
498.000000 -125.659271
5
1.000000 -11.166667 0.000000
1.000000
-2.000000 23.333334
27.491510 4.155411 -0.018867
1.069078
126.000000 251.542603
-3.995984 0.894295 -0.015301
1.680617
116.000000 -106.152924
-15.000000 0.000000 0.000000
0.363199
0.000000 -15.000000
-1.843661 16.912401 0.343207
1.080269
452.000000 -207.804413
4
18.000000 0.000000 0.000000
1.000000
0.000000 18.000000
31.545908 3.119411 -0.009612
2.033974
218.000000 254.786179
-4.305516 0.458881 -0.022463
1.272966
86.000000 -130.977188
-7.892177 5.275212 0.011200
0.619897
452.000000 -174.302048
4
15.500000 0.000000 0.000000
1.000000
0.000000 15.500000
17.685001 2.429949 -0.006488
1.624353
322.000000 127.452698
-15.000000 0.000000 0.000000
0.703521
0.000000 -15.000000
-9.468160 5.082329 0.016472
0.361591
494.000000 -155.235764
5
12.500000 0.000000 0.000000
1.000000
0.000000 12.500000
21.353779 3.173418 -0.011300
2.544736
192.000000 214.085648
-4.518380 0.551027 -0.020558
1.245898
88.000000 -115.225380
-11.000000 0.000000 0.000000
0.355473
0.000000 -11.000000
0.775319 6.773574 0.014843
0.481996
486.000000 -91.145515
5
30.000000 6.666667 0.000000
1.000000
0.000000 30.000000
7.544235 3.848516 -0.022563
2.104188
80.000000 171.023911
-3.684681 1.353934 -0.008556
2.117970
200.000000 -75.150108
-16.000000 0.000000 0.000000
0.557530
0.000000 -16.000000
-7.236202 4.974512 0.048697
0.416863
478.000000 -120.075562
4
2.531651 3.336255 0.571405
1.000000
-14.000000 67.819542
19.130981 2.060311 -0.006316
2.949052
294.000000 78.918152
-1.546923 6.830227 0.070899
0.905354
-30.000000 -142.645004
0.000000 8.000000 0.000000
0.319192
560.000000 -16.000000
4
3.927208 0.315461 0.119588
1.000000
-30.000000 102.092400
16.438772 1.621519 -0.006294
1.812243
262.000000 9.211630
0.000000 -22.000000 0.000000
0.645663
2.000000 -44.000000
-4.453112 7.064402 0.117202
0.396571
470.000000 -110.903511
5
3.072490 2.199497 0.312765
1.000000
-20.000000 84.188576
17.597708 2.336946 -0.013555
1.202037
102.000000 114.936348
-5.137421 0.668215 -0.006787
1.238687
154.000000 -63.189880
-15.000000 0.000000 0.000000
0.602091
0.000000 -15.000000
-4.998209 3.785980 0.021876
0.791878
460.000000 -150.994919
4
3.556193 0.753771 0.188155
1.000000
-26.000000 111.150597
17.712297 1.597878 -0.006031
1.836509
262.000000 22.339190
-15.000000 0.000000 0.000000
0.599920
0.000000 -15.000000
1.215134 4.434458 0.036707
0.465728
434.000000 -131.206619
4
3.753696 1.022038 0.316586
1.000000
-18.000000 87.930832
14.305071 1.664143 -0.006167
2.017067
246.000000 50.466690
0.000000 -17.000000 0.000000
0.654715
2.000000 -34.000000
-5.397376 2.897752 0.006875
0.520733
446.000000 -133.097260
8
5.200000 5.400000 0.000000
1.000000
2.000000 16.000000
5.500001 9.575000 0.337500
0.347524
4.000000 49.200001
8.000000 0.000000 0.000000
1.179939
0.000000 8.000000
7.100990 3.697458 -0.027682
3.089260
96.000000 106.943245
-2.445850 0.108596 -0.004327
1.644088
144.000000 -76.534233
-1.666667 1.500000 -0.375000
0.629588
14.000000 -54.166668
-6.000000 0.000000 0.000000
0.350874
0.000000 -6.000000
-5.600000 4.200000 0.000000
0.750226
506.000000 -14.000000
6
12.000000 0.000000 0.000000
1.000000
0.000000 12.000000
1.506487 -0.779220 1.883117
0.983277
6.000000 64.623375
9.000000 0.000000 0.000000
1.409212
0.000000 9.000000
19.689854 1.174130 -0.004245
2.915874
200.000000 84.722290
-4.803711 0.871572 -0.033903
1.327084
68.000000 -102.305023
-11.000000 0.000000 0.000000
0.387398
0.000000 -11.000000
4
30.870316 1.297733 -0.006456
1.000000
162.000000 71.666367
-5.427795 0.885414 -0.021905
1.118850
82.000000 -80.114464
0.000000 -11.500000 0.000000
0.448839
4.000000 -46.000000
-2.359580 11.133235 0.342249
0.794915
482.000000 -86.674591
6
0.000000 -5.250000 0.000000
1.000000
-2.000000 10.500000
20.742264 3.404886 -0.015901
2.549517
148.000000 176.375870
-3.519997 0.615476 -0.011148
1.308919
110.000000 -70.705513
0.000000 7.833333 -3.083333
0.465119
6.000000 -64.000000
-10.000000 0.000000 0.000000
0.473164
0.000000 -10.000000
0.099998 8.950000 0.875000
0.733137
476.000000 -22.099998
4
-10.688304 4.277730 -0.017513
1.000000
164.000000 219.820236
-2.150762 0.178277 -0.005950
1.158413
166.000000 -136.509888
-11.000000 0.000000 0.000000
0.465358
0.000000 -11.000000
-3.162530 8.673554 0.263774
0.232768
506.000000 -72.892570
4
0.000000 -0.950000 0.275000
1.000000
-6.000000 15.600000
9.890454 2.411815 -0.008653
5.405596
242.000000 86.804855
-22.000000 0.000000 0.000000
0.703733
0.000000 -22.000000
0.000000 0.953333 -0.396667
0.224033
470.000000 -49.199997
4
3.500000 6.250000 0.000000
1.000000
2.000000 16.000000
12.565983 2.566112 -0.008729
4.701348
210.000000 166.513763
-4.336935 0.402899 -0.012497
1.264689
112.000000 -115.978508
-12.000000 0.000000 0.000000
0.400126
0.000000 -12.000000
2
1.872762 2.131302 -0.007241
1.000000
264.000000 59.856800
0.000000 -8.000000 0.000000
0.715347
4.000000 -32.000000
3
2.584206 2.681173 -0.019920
1.000000
62.000000 92.243736
-3.036621 0.749884 -0.007329
2.406412
184.000000 -113.204041
-14.000000 0.000000 0.000000
0.709832
0.000000 -14.000000
3
9.251380 1.724545 -0.005323
1.000000
278.000000 77.298012
0.000000 1.233333 -0.650000
0.881432
10.000000 -52.666672
-7.000000 0.000000 0.000000
0.203970
0.000000 -7.000000
3
13.487211 4.200908 -0.027798
1.000000
88.000000 167.898865
-5.640737 0.582771 -0.005499
2.077093
190.000000 -93.427467
-1.367486 -4.539893 -0.463262
0.733786
12.000000 -122.555939
3
17.251926 1.669811 -0.004634
1.000000
266.000000 133.514587
-2.236552 0.797078 -0.049844
1.085619
48.000000 -78.816978
0.000000 -17.500000 0.000000
0.255650
2.000000 -35.000000
3
26.726679 2.654144 -0.014161
1.000000
138.000000 123.323296
-5.096781 0.422500 -0.006240
1.508226
152.000000 -85.050537
0.000000 -22.500000 0.000000
0.560460
2.000000 -45.000000
3
9.604806 2.769382 -0.009485
1.000000
206.000000 177.591568
-3.549103 0.653069 -0.022582
1.049887
78.000000 -90.001175
-12.000000 0.000000 0.000000
0.329615
0.000000 -12.000000
3
10.823104 1.232927 -0.004601
1.000000
258.000000 22.648514
0.000000 -19.000000 0.000000
0.868536
2.000000 -38.000000
-7.333333 0.000000 0.000000
0.195811
0.000000 -7.333333
3
19.405535 3.151227 -0.014221
1.000000
168.000000 147.451797
-2.404175 0.572486 -0.021863
1.027331
68.000000 -64.570862
-12.000000 0.000000 0.000000
0.306313
0.000000 -12.000000
5
17.333332 -2.333333 0.000000
1.000000
0.000000 17.333332
0.142855 9.264286 0.196429
1.836467
10.000000 112.428574
19.308788 1.722652 -0.008575
2.388695
152.000000 83.026718
-3.565439 0.650299 -0.034041
0.935301
64.000000 -101.376427
-11.000000 0.000000 0.000000
0.459936
0.000000 -11.000000
5
0.133333 0.550000 1.141667
1.000000
-6.000000 37.933331
18.424446 1.293936 -0.004560
5.676316
256.000000 50.816505
-10.000000 0.000000 0.000000
0.752012
0.000000 -10.000000
-2.496643 0.909641 -0.306896
0.401247
-18.000000 -118.304565
0.000000 0.000000 0.000000
1.275756
506.000000 0.000000
4
16.000000 0.000000 0.000000
1.000000
0.000000 16.000000
10.680406 2.440051 -0.010402
2.004052
200.000000 82.628586
0.000000 -22.000000 0.000000
0.794861
2.000000 -44.000000
-1.865826 2.452423 -0.013863
0.493898
456.000000 -81.402260
5
0.487803 -1.934959 0.308943
1.000000
-12.000000 68.195122
11.000000 0.000000 0.000000
0.386366
0.000000 11.000000
15.597473 1.670728 -0.005610
4.810574
268.000000 60.444946
-4.004425 10.319570 0.233791
1.106934
-22.000000 -117.879890
-0.000000 2.416667 -0.041667
0.304407
496.000000 -21.999998
4
4.061249 1.670439 0.809920
1.000000
-10.000000 68.348869
17.820175 1.962970 -0.007776
2.114702
214.000000 81.808456
-14.000000 0.000000 0.000000
0.631565
0.000000 -14.000000
-0.418190 5.023139 0.012805
0.539486
462.000000 -139.587616
4
0.992288 0.303890 0.193973
1.000000
-22.000000 88.189545
11.091431 1.664485 -0.005331
1.848161
264.000000 78.964905
-12.000000 0.000000 0.000000
0.690729
0.000000 -12.000000
-4.110250 3.964159 0.027392
0.443193
480.000000 -136.179489
4
4.781664 0.542264 0.049046
1.000000
-52.000000 109.204575
9.111365 1.505926 -0.006553
1.495292
200.000000 48.158211
0.000000 -6.000000 0.000000
0.605588
6.000000 -36.000000
-0.175819 11.811356 0.066850
0.353391
-8.000000 -90.388275
4
1.067410 0.430562 0.403379
1.000000
-16.000000 97.443336
20.878754 1.650769 -0.006638
3.923328
232.000000 46.564728
-15.000000 0.000000 0.000000
0.606217
0.000000 -15.000000
-2.015054 5.958961 0.009257
0.296186
520.000000 -94.988571
5
3.800527 0.154469 0.018329
1.000000
-76.000000 97.929848
8.000000 0.000000 0.000000
0.701937
0.000000 8.000000
5.560087 1.616348 -0.007399
2.384613
238.000000 -28.853426
0.000000 -6.333334 -2.333333
0.858236
4.000000 -62.666668
-6.000000 0.000000 0.000000
0.274200
0.000000 -6.000000
5
18.551884 4.294821 -0.027724
1.000000
92.000000 179.022308
-4.778598 1.172411 -0.015969
1.458476
84.000000 -18.970745
-11.000000 0.000000 0.000000
0.321193
0.000000 -11.000000
0.000000 17.250000 1.250000
0.739588
-4.000000 -49.000000
-1.000000 0.000000 0.000000
1.189536
446.000000 -1.000000
4
10.500000 0.000000 0.000000
1.000000
0.000000 10.500000
2.805443 1.421461 -0.007153
2.312298
170.000000 37.736031
-4.504065 2.645905 -0.350989
1.349219
24.000000 -143.171707
-2.000000 0.000000 0.000000
0.562783
462.000000 -2.000000
3
4.000000 -15.000000 0.000000
1.000000
-2.000000 34.000000
6.064136 2.846421 -0.014862
1.746811
162.000000 77.154495
-9.000000 0.000000 0.000000
0.588360
0.000000 -9.000000
3
11.473785 3.155418 -0.015403
1.000000
112.000000 171.662750
-5.624600 1.059820 -0.013404
1.241722
118.000000 -67.199089
0.000000 -19.000000 0.000000
0.449030
2.000000 -38.000000
3
6.935387 2.900288 -0.013233
1.000000
146.000000 148.312439
-2.576111 0.724532 -0.019810
1.207678
78.000000 -66.584122
-9.000000 0.000000 0.000000
0.360100
0.000000 -9.000000
3
0.000000 1.666666 1.166667
1.000000
-6.000000 32.000004
12.586773 1.361951 -0.004708
5.615686
272.000000 34.691540
0.000000 2.500000 -0.750000
0.769326
562.000000 -42.000000
4
0.000000 -1.000000 0.000000
1.000000
-2.000000 2.000000
27.035730 4.260862 -0.039454
0.537763
80.000000 115.396370
-2.361759 0.057702 -0.003463
1.662693
144.000000 -65.858162
-7.000000 0.000000 0.000000
0.601848
0.000000 -7.000000
3
10.505202 2.353179 0.143931
1.000000
8.000000 38.542198
-0.575914 2.549150 -0.010681
6.156867
212.000000 59.779953
0.175344 -6.556621 -0.141324
0.862841
500.000000 -98.854790
4
15.000000 0.000000 0.000000
1.000000
0.000000 15.000000
23.812632 3.179041 -0.018798
0.759301
132.000000 115.917885
-4.284315 0.067419 -0.006865
1.464047
136.000000 -122.086578
-23.000000 -1.500000 0.000000
0.601358
0.000000 -23.000000
3
-3.681511 2.363841 -0.009772
1.000000
154.000000 128.608521
-2.252315 1.071212 -0.086556
0.982191
38.000000 -86.533302
1.937500 -12.156250 0.640625
0.471788
470.000000 -47.937500
4
14.500000 0.000000 0.000000
1.000000
0.000000 14.500000
25.987762 2.590307 -0.009706
2.184484
200.000000 155.817413
-3.657234 1.339044 -0.075968
1.339231
56.000000 -166.907379
-0.690041 -5.060578 0.063192
0.532811
524.000000 -71.306267
4
12.339717 4.837991 -0.024701
1.000000
122.000000 234.927277
-3.036142 0.584623 -0.008823
0.775047
124.000000 -66.201920
0.112361 -7.713482 -2.255618
0.561750
6.000000 -127.370796
-7.000000 0.000000 0.000000
0.637975
0.000000 -7.000000
2
2.859238 2.669444 -0.009203
1.000000
262.000000 70.516586
2.099098 -11.617663 0.239651
0.840560
534.000000 -137.498291
5
1.376624 0.480520 1.831169
1.000000
-6.000000 64.415573
11.000000 0.000000 0.000000
0.168539
0.000000 11.000000
20.148600 2.598358 -0.011559
4.085207
184.000000 106.920753
-1.745656 1.775207 -0.128024
1.000527
36.000000 -103.757240
-0.000002 7.200000 -1.900000
0.552866
470.000000 -59.200001
3
5.523316 4.039724 -0.085492
1.000000
14.000000 45.322971
6.457692 2.493712 -0.010501
1.644885
214.000000 59.215199
-15.000000 0.000000 0.000000
0.650789
0.000000 -15.000000
3
0.000000 5.000000 1.250000
1.000000
4.000000 40.000000
15.821418 3.006876 -0.012975
7.204163
218.000000 54.701851
-14.000000 0.000000 0.000000
0.538339
0.000000 -14.000000
4
16.925247 2.986920 -0.014141
1.000000
150.000000 146.781296
-3.678031 1.170875 -0.052448
1.230868
56.000000 -102.586555
0.000000 -24.500000 0.000000
0.413415
2.000000 -49.000000
0.000000 0.833334 -1.416667
0.554502
456.000000 -56.000000
3
12.000000 0.000000 0.000000
1.000000
0.000000 12.000000
3.940443 2.746100 -0.009818
4.985384
240.000000 97.460220
-21.000000 0.000000 0.000000
0.674338
0.000000 -21.000000
3
2.588588 2.712212 0.018268
1.000000
18.000000 57.327328
2.832778 3.118120 -0.013354
3.609694
210.000000 68.743973
0.000000 -17.666666 0.000000
0.593872
2.000000 -35.333332
3
10.254318 1.867059 -0.006281
1.000000
256.000000 76.577774
-11.000000 0.000000 0.000000
0.799979
0.000000 -11.000000
-1.647593 3.665218 -0.115446
0.226340
488.000000 -75.588097
4
3.852331 4.310578 -0.030791
1.000000
74.000000 154.222336
-8.090259 1.090146 -0.011988
1.377002
136.000000 -81.565369
0.000000 -8.666666 -2.166667
0.575953
4.000000 -69.333328
-1.357143 -7.589286 0.294643
0.547818
438.000000 -47.785717
4
5.113682 5.899885 -0.055791
1.000000
50.000000 160.630890
-6.477914 2.596991 -0.021063
1.166682
126.000000 -13.652383
-13.000000 0.000000 0.000000
0.405785
0.000000 -13.000000
-6.856222 -4.295101 0.039908
0.723795
448.000000 -116.853027
4
0.000000 -14.000000 0.000000
1.000000
-2.000000 28.000000
2.763672 2.843660 -0.011094
3.313389
230.000000 69.921875
-9.000000 0.000000 0.000000
0.632339
0.000000 -9.000000
-3.265412 -7.103045 0.053840
0.312150
522.000000 -92.155304
4
4.071254 -2.499268 0.164470
1.000000
-18.000000 102.346504
9.189519 2.215725 -0.009345
1.852417
184.000000 100.501442
0.000000 -20.333334 0.000000
0.668209
2.000000 -40.666668
-10.000000 0.000000 0.000000
0.239396
0.000000 -10.000000
4
1.329908 1.869950 0.372711
1.000000
-18.000000 88.429260
15.452523 1.880797 -0.008452
4.122757
216.000000 27.357979
5.281570 -10.843167 0.265787
0.834868
18.000000 -103.780548
-1.000000 0.000000 0.000000
0.338939
486.000000 -1.000000
3
0.000000 -16.333334 0.000000
1.000000
-2.000000 32.666668
9.547569 2.052219 -0.011688
2.769199
212.000000 -80.702248
0.000000 -7.000000 0.000000
0.679260
512.000000 -28.000000
3
6.000000 0.000000 0.000000
1.000000
0.000000 6.000000
10.038112 3.559894 -0.017634
1.417603
180.000000 79.469444
-14.000000 0.000000 0.000000
0.560405
0.000000 -14.000000
4
1.344828 -2.948275 2.181035
1.000000
-6.000000 97.551720
10.665563 2.266177 -0.011207
4.913968
184.000000 48.216343
4.820119 12.619352 0.374041
0.852698
-10.000000 -83.969307
-0.381487 -2.158371 0.042341
0.469953
418.000000 -27.793825
4
0.000000 -2.000000 0.000000
1.000000
-4.000000 8.000000
4.517983 2.103717 1.017686
0.444446
-10.000000 85.249397
10.308691 2.635843 -0.014268
7.704925
214.000000 -79.023094
0.218181 -3.154545 0.068182
0.464172
464.000000 -20.654545
3
0.000000 -2.333333 1.833333
1.000000
-4.000000 38.666664
12.103271 2.830106 -0.015515
0.936770
162.000000 63.396729
-0.644256 -2.326625 -0.004187
0.935346
468.000000 -79.384003
4
3.583639 -3.340995 0.086440
1.000000
-16.000000 79.168175
12.000000 0.000000 0.000000
0.264206
0.000000 12.000000
9.367249 2.411511 -0.011643
3.121184
178.000000 69.724609
-16.000000 0.000000 0.000000
0.751138
0.000000 -16.000000
3
12.237213 2.667750 -0.011926
1.000000
150.000000 144.063660
-3.782706 0.224407 -0.020795
1.171788
74.000000 -101.047966
-8.000000 0.000000 0.000000
0.416148
0.000000 -8.000000
4
3.359323 3.564968 0.443778
1.000000
-16.000000 59.927032
5.762169 1.724104 -0.008641
3.153565
176.000000 41.550591
-3.563667 0.796385 -0.158429
0.903877
26.000000 -89.955482
-4.000000 0.000000 0.000000
0.434517
456.000000 -4.000000
4
13.333333 0.000000 0.000000
1.000000
0.000000 13.333333
30.621206 4.251669 -0.023999
1.960267
116.000000 200.890854
-2.596414 0.916169 -0.037343
1.449410
60.000000 -82.062416
-15.000000 0.000000 0.000000
0.295594
0.000000 -15.000000
5
14.500000 0.000000 0.000000
1.000000
0.000000 14.500000
-4.933332 -18.600000 -1.100000
1.566302
-6.000000 67.066666
0.755099 2.800235 -0.026222
1.953136
54.000000 75.505852
-5.609019 0.845620 -0.011685
1.557834
134.000000 -102.103249
-3.630822 4.494382 0.022472
0.904582
436.000000 -69.788124
3
13.500000 0.000000 0.000000
1.000000
0.000000 13.500000
13.731812 3.046934 -0.013931
1.206337
172.000000 125.681641
0.000000 -6.333333 0.000000
0.816957
6.000000 -38.000000
5
10.000000 0.000000 0.000000
1.000000
0.000000 10.000000
9.623649 2.343406 -0.009949
4.971530
190.000000 95.710808
0.000000 -10.000000 0.000000
0.879671
4.000000 -40.000000
0.000000 -3.222222 -2.555556
0.283286
-6.000000 -72.666672
-6.000000 0.000000 0.000000
1.303359
0.000000 -6.000000
4
3.603989 -0.764282 0.068072
1.000000
-30.000000 87.797493
13.768843 1.907552 -0.005631
4.028038
252.000000 136.865555
-13.000000 0.000000 0.000000
0.708945
0.000000 -13.000000
-4.695656 6.376812 -0.789855
0.305814
-8.000000 -106.260872
2
10.359994 2.571938 -0.011236
1.000000
200.000000 75.312691
-12.000000 0.000000 0.000000
0.695914
0.000000 -12.000000
4
0.000000 -8.666667 -0.666667
1.000000
-4.000000 24.000000
5.795148 2.235272 -0.007832
4.759243
224.000000 113.526566
1.500610 -2.808770 -0.524056
1.069437
10.000000 -78.992691
0.000000 4.500000 0.000000
0.344597
502.000000 -18.000000
5
0.000000 -0.377778 0.022222
1.000000
-18.000000 14.000000
4.960042 -0.501214 0.033348
0.719627
-46.000000 98.580231
4.326764 1.501144 -0.005688
3.760231
240.000000 36.991009
-1.115234 6.378221 -0.676152
0.818174
20.000000 -144.011505
-7.000000 0.000000 0.000000
0.471627
0.000000 -7.000000
3
5.355631 4.747227 -0.028068
1.000000
152.000000 78.439796
0.000006 -13.041667 0.614583
0.609972
8.000000 -64.999992
0.000000 -0.958334 -0.604167
0.409905
486.000000 -31.000000
4
6.666667 0.000000 0.000000
1.000000
0.000000 6.666667
4.846712 2.350873 -0.009194
2.784634
204.000000 101.797974
-1.376337 0.062608 -0.090635
1.000931
32.000000 -92.182823
-0.131219 3.322465 -0.093330
0.477820
526.000000 -64.938484
3
14.666667 5.888889 0.000000
1.000000
6.000000 50.000000
-0.279264 2.504980 -0.010062
2.028044
216.000000 71.343506
-14.000000 0.000000 0.000000
0.667727
0.000000 -14.000000
2
14.281559 2.512810 -0.010182
1.000000
220.000000 74.268463
-14.000000 0.000000 0.000000
0.647966
0.000000 -14.000000
3
19.113081 2.113078 -0.012568
1.000000
162.000000 31.608229
-1.428858 0.033744 -0.039429
0.853094
46.000000 -83.309212
-8.000000 0.000000 0.000000
0.448337
0.000000 -8.000000
4
-3.714287 -10.523809 -0.047619
1.000000
-4.000000 37.619045
2.690186 2.603187 -0.015673
2.641685
78.000000 110.383003
-6.899825 1.032789 -0.007673
1.870388
186.000000 -80.241653
-11.000000 0.000000 0.000000
0.666832
0.000000 -11.000000
2
8.396265 1.503525 -0.006084
1.000000
222.000000 42.351463
-0.023534 -5.740836 0.074742
1.023826
536.000000 -98.759377
4
8.616755 3.198810 -0.012794
1.000000
156.000000 196.269287
-2.838735 0.757963 -0.014290
0.608172
100.000000 -69.942039
-14.000000 0.000000 0.000000
0.357437
0.000000 -14.000000
-3.173914 5.760870 -0.239130
0.412611
516.000000 -64.565216
4
10.666667 16.666666 0.000000
1.000000
2.000000 44.000000
25.733942 2.677933 -0.010238
3.640132
180.000000 176.038300
-3.112152 0.863717 -0.028954
1.250099
78.000000 -111.896988
-14.000000 0.000000 0.000000
0.393207
0.000000 -14.000000
3
0.000000 -12.666667 0.000000
1.000000
-2.000000 25.333334
8.038293 1.818664 -0.006676
5.279756
240.000000 59.980095
-12.000000 0.000000 0.000000
0.776635
0.000000 -12.000000
3
1.223196 1.940617 -0.001599
1.000000
68.000000 125.789360
-3.045787 1.333285 -0.009055
2.401807
200.000000 -98.580482
1.320383 -11.202265 0.180421
0.742367
538.000000 -92.660194
