2
1.596383 1.303726 0.009076
1.000000
150.000000
-8.082273 -2.125566 -0.003107
1.745328
466.000000
2
0.948004 1.646565 0.002225
1.000000
168.000000
-4.011559 -0.455542 -0.016614
0.572654
118.000000
4
-4.732264 1.785785 -0.001339
1.000000
190.000000
-10.000000 0.000000 0.000000
0.937661
0.000000
7.415148 -4.049172 -0.033597
0.760241
48.000000
-4.666667 0.000000 0.000000
0.983303
436.000000
3
4.035862 1.725431 0.026413
1.000000
80.000000
-1.724075 -1.808397 -0.010660
1.008348
86.000000
-1.684212 -4.035088 0.074561
0.455760
428.000000
3
-0.251363 1.068261 0.002661
1.000000
216.000000
-2.182028 -4.029854 0.003231
0.788793
44.000000
1.435648 -8.400166 0.168729
0.372926
474.000000
2
-0.590475 2.153131 -0.000662
1.000000
148.000000
-0.411713 -1.423057 -0.025970
1.090779
512.000000
4
1.000000 3.500000 0.000000
1.000000
2.000000
0.717364 2.398971 0.002033
0.544598
120.000000
0.478073 -1.841854 -0.061025
1.667238
50.000000
0.000000 -3.000000 0.000000
0.428243
482.000000
3
7.606137 2.231084 -0.001156
1.000000
172.000000
6.861911 -2.718441 -0.025268
1.034608
62.000000
-0.232497 -3.679762 0.037535
0.412285
516.000000
3
3.394572 1.453316 0.001884
1.000000
198.000000
4.926351 -5.740169 0.004667
1.068475
58.000000
0.000001 -2.316667 -0.058333
0.417045
508.000000
3
9.627398 1.328564 0.002087
1.000000
172.000000
-10.666667 0.000000 0.000000
0.587947
0.000000
-15.170436 -6.145639 0.031961
0.750772
542.000000
4
12.910011 2.134065 0.103399
1.000000
16.000000
13.212838 6.886574 -0.071692
1.064320
94.000000
2.267642 -3.566078 0.017551
0.604157
50.000000
0.000000 -3.000000 0.000000
0.576145
422.000000
3
0.001542 1.974664 0.000201
1.000000
158.000000
-0.750000 5.187500 -2.843750
0.893295
8.000000
-14.451820 -6.389349 0.090539
0.491818
32.000000
3
4.700834 1.205112 0.006447
1.000000
146.000000
-9.500000 0.000000 0.000000
1.096800
0.000000
-13.911133 -4.054249 0.009952
0.788172
514.000000
4
2.234637 4.469951 -0.014051
1.000000
20.000000
-2.226934 3.788784 -0.015732
0.649277
82.000000
-1.332419 -5.479825 0.027014
1.365129
32.000000
-2.095367 -15.650837 0.695059
0.525206
394.000000
3
-0.557753 3.343378 -0.001932
1.000000
92.000000
-2.594033 -2.832031 0.004862
0.877689
62.000000
-0.093936 -3.813636 -0.007048
0.546406
514.000000
2
-1.300704 1.622589 0.003640
1.000000
148.000000
3.491681 -1.893303 -0.005013
1.020827
462.000000
3
-1.282967 1.655794 0.002601
1.000000
140.000000
-3.303973 -1.155077 -0.136853
0.425783
26.000000
-1.042659 -7.437598 0.212480
0.323047
462.000000
3
6.986215 1.446741 0.004495
1.000000
114.000000
-0.704168 -0.209647 -0.041727
1.202445
64.000000
-12.000000 0.000000 0.000000
0.472457
0.000000
3
1.497953 2.025537 -0.000295
1.000000
122.000000
21.951836 -0.753236 -0.042134
1.626865
52.000000
-3.942424 -5.150736 0.025284
0.453005
492.000000
2
1.443956 1.338336 0.005775
1.000000
126.000000
5.863347 -2.295282 -0.006559
1.297126
104.000000
3
6.905473 1.278426 0.002851
1.000000
162.000000
-6.666667 0.000000 0.000000
1.087730
0.000000
-2.549067 -4.778662 0.011000
0.900948
522.000000
3
6.057426 2.506602 -0.004687
1.000000
136.000000
-0.122833 -2.463912 -0.001892
0.697190
58.000000
1.000000 -6.950000 0.125000
0.418136
572.000000
2
9.286716 0.964274 0.008118
1.000000
118.000000
31.468241 -2.356446 -0.008808
1.512503
96.000000
3
1.238138 1.414833 0.001723
1.000000
170.000000
-0.492912 -2.678197 -0.005312
1.309137
40.000000
2.092749 -4.362008 0.007417
0.482969
544.000000
3
-3.013998 2.108145 -0.002414
1.000000
160.000000
-1.120712 -2.256514 -0.010009
1.045426
88.000000
0.038674 -1.686925 0.005985
0.484592
546.000000
4
-0.723328 1.241065 0.001767
1.000000
156.000000
1.750149 1.436311 -0.162380
0.673590
30.000000
-17.000000 0.000000 0.000000
0.306246
0.000000
0.124349 -4.482203 0.043828
0.740242
542.000000
3
-3.463803 2.491686 -0.004153
1.000000
140.000000
-1.317834 -2.549966 0.002272
1.039322
68.000000
-0.000003 -0.388889 -0.388889
0.428069
542.000000
3
-6.310995 1.913936 0.001027
1.000000
126.000000
0.636689 -2.164446 0.002406
0.829648
74.000000
0.446385 -1.904973 -0.005573
0.525865
584.000000
4
6.559642 0.891551 0.000648
1.000000
228.000000
-9.000000 0.000000 0.000000
0.652969
0.000000
-13.000000 0.000000 0.000000
0.254862
0.000000
-1.849102 -3.291875 0.028649
0.629227
578.000000
3
4.149841 1.563532 0.059415
1.000000
52.000000
27.209938 -0.614190 -0.005942
1.944889
158.000000
-0.666667 0.000000 0.000000
0.498065
544.000000
3
-2.276383 1.912552 -0.001145
1.000000
148.000000
-5.071701 -5.149207 0.012634
0.636586
26.000000
-2.226153 -5.872403 0.074196
0.440794
518.000000
3
-5.145027 3.007354 -0.006911
1.000000
116.000000
-0.380391 -2.182816 0.000711
0.752066
50.000000
0.111418 -1.472226 -0.026233
0.508163
542.000000
3
-0.978889 2.314745 0.001850
1.000000
106.000000
2.871699 -2.039710 -0.026057
1.106836
68.000000
0.000000 -2.833333 0.000000
0.451281
502.000000
2
5.879859 0.129144 0.016553
1.000000
110.000000
33.366562 -1.588920 -0.011091
1.306172
512.000000
4
1.176970 1.133963 0.002861
1.000000
52.000000
5.097252 0.644003 0.030433
0.298211
70.000000
0.363637 2.348485 -0.992424
1.272572
8.000000
-3.134883 -2.771402 -0.001448
0.867487
492.000000
3
3.939209 0.990914 0.034313
1.000000
60.000000
20.889160 3.424111 -0.046960
1.007579
88.000000
-1.886041 -1.907342 -0.003979
0.522837
74.000000
3
-3.784216 1.029480 0.002810
1.000000
186.000000
-0.769229 -5.614103 -0.157051
1.158490
14.000000
-11.868031 -7.986360 0.113576
0.470864
508.000000
3
7.296890 5.201212 -0.024918
1.000000
70.000000
-4.975362 -1.473416 -0.017064
0.981758
78.000000
0.000000 -6.500000 0.000000
0.537843
478.000000
3
-0.000000 3.300000 -0.150000
1.000000
12.000000
7.525757 0.680292 0.011817
0.831808
116.000000
26.071627 -2.520994 -0.006840
2.831204
540.000000
4
1.000000 1.250000 0.097222
1.000000
12.000000
8.015030 3.146106 -0.003220
0.347607
88.000000
-5.817211 -1.068054 -0.022198
2.156324
80.000000
0.000000 -13.500000 1.250000
0.477790
502.000000
3
-2.803539 3.913161 -0.014429
1.000000
92.000000
0.242421 -1.585702 -0.058028
0.674989
36.000000
1.952942 -10.166724 0.207203
0.515398
442.000000
3
5.244698 3.146929 0.006213
1.000000
86.000000
-11.393855 4.933980 -0.059560
0.726267
66.000000
-1.830687 -3.775484 0.000158
0.893970
434.000000
2
0.463468 2.541635 -0.002624
1.000000
116.000000
6.097888 -1.534560 -0.007939
0.990584
474.000000
3
-2.050280 2.054045 -0.000837
1.000000
142.000000
2.081323 -2.953622 0.002261
0.469642
58.000000
-0.237672 -2.510838 0.010389
0.441650
534.000000
3
2.096256 2.806592 -0.003484
1.000000
140.000000
-0.861996 -1.654527 -0.010445
0.884842
66.000000
-0.323753 -6.977674 0.095339
0.379260
490.000000
2
-3.926563 2.137175 -0.003049
1.000000
172.000000
-6.517587 -2.192073 -0.003983
1.031050
514.000000
4
5.170056 3.010992 -0.035179
1.000000
32.000000
-5.872187 1.801986 -0.002826
0.409310
132.000000
-2.690168 -3.466385 0.012091
1.480059
62.000000
0.081149 -2.621533 -0.077996
0.492324
478.000000
3
-5.466894 2.064855 -0.001695
1.000000
154.000000
0.025374 -2.016830 -0.020909
0.831479
50.000000
-0.278687 -2.681393 0.018689
0.394056
486.000000
3
2.968745 2.009479 -0.002090
1.000000
164.000000
-2.740306 -1.337670 -0.036321
0.886717
52.000000
0.000001 -9.566667 0.516667
0.377338
506.000000
2
2.768428 0.805567 0.012923
1.000000
104.000000
29.283325 -1.788757 -0.005160
1.420952
550.000000
2
13.014836 5.459516 -0.035964
1.000000
72.000000
4.014954 -1.290112 -0.009622
0.645657
502.000000
2
4.823019 1.442070 0.009804
1.000000
102.000000
-5.573601 -3.600434 0.009226
0.775619
598.000000
3
4.591624 2.081163 0.001063
1.000000
146.000000
25.702698 1.274605 -0.068361
0.685666
66.000000
0.999997 -7.633333 0.133333
0.307866
528.000000
3
-6.270439 3.493793 -0.009313
1.000000
144.000000
-1.523347 -1.713497 -0.008621
0.867552
74.000000
0.618848 -4.832214 -0.050174
0.457415
544.000000
2
8.634914 2.499760 0.001389
1.000000
104.000000
-6.198553 -2.435546 -0.002327
1.083412
540.000000
3
0.964534 1.088733 0.007742
1.000000
44.000000
6.386136 0.669640 0.007221
0.380281
138.000000
-1.986766 -3.075599 -0.006969
2.681562
574.000000
3
5.057417 1.394232 0.000341
1.000000
220.000000
27.229111 -4.113360 -0.030707
0.747274
58.000000
0.000000 -2.500000 0.000000
0.382687
558.000000
4
-3.771270 1.722729 0.009193
1.000000
66.000000
-5.210474 2.312583 -0.002005
0.633050
80.000000
-11.297119 0.428606 -0.056688
1.291731
66.000000
0.000000 -16.500000 1.750000
0.650874
474.000000
3
3.643183 1.777562 0.004565
1.000000
66.000000
-7.292655 5.922471 -0.011972
0.703090
34.000000
2.283822 -1.550614 -0.014345
1.837350
448.000000
2
0.546577 1.811799 0.000657
1.000000
166.000000
-8.450767 -5.035099 0.016071
0.694358
534.000000
4
3.500000 4.125000 0.000000
1.000000
4.000000
-5.236300 2.848089 -0.004552
0.614951
166.000000
-1.410596 -1.691028 -0.041357
1.255274
40.000000
-7.301409 -8.027576 0.115333
0.449621
514.000000
3
7.226715 1.697285 0.007068
1.000000
106.000000
-3.908607 6.505954 -0.165990
0.608281
32.000000
2.216278 -3.546010 -0.002904
1.124814
530.000000
3
-7.155123 2.000586 0.000392
1.000000
162.000000
7.036094 -2.893175 -0.001391
0.994169
108.000000
0.000000 -3.000000 0.000000
0.450152
522.000000
3
-10.517731 4.841003 -0.021436
1.000000
118.000000
3.740515 -1.385157 -0.018521
0.883221
92.000000
0.000000 -3.500000 0.000000
0.480104
488.000000
3
-3.975431 1.779639 -0.000990
1.000000
194.000000
0.276836 -3.244183 -0.001426
0.857435
62.000000
0.124683 -3.220163 0.017966
0.407555
520.000000
3
-4.181991 3.716460 -0.010383
1.000000
108.000000
-5.870737 -1.405070 -0.024653
1.031021
82.000000
-2.000000 0.000000 0.000000
0.550444
454.000000
2
4.064113 1.201149 0.002916
1.000000
170.000000
-6.096282 -3.860696 0.004372
1.001344
528.000000
2
-0.936915 2.351737 -0.000261
1.000000
126.000000
-5.231445 -0.847539 -0.041268
0.586123
488.000000
3
5.333333 0.000000 0.000000
1.000000
0.000000
2.936600 2.127406 0.011015
0.499252
90.000000
-1.364689 -1.232721 -0.015319
2.254281
480.000000
3
8.325188 1.871622 0.002577
1.000000
116.000000
-3.408268 12.637365 -0.530699
0.358650
14.000000
2.123231 -3.369956 -0.000948
1.221407
482.000000
3
6.482373 1.939242 0.002466
1.000000
134.000000
-4.698094 -4.298749 0.005412
0.881756
78.000000
0.000000 -3.000000 0.000000
0.482459
454.000000
3
-1.101048 2.033620 -0.000075
1.000000
160.000000
-1.274600 -4.353445 0.005029
1.038470
86.000000
0.000000 -1.500000 0.000000
0.465578
506.000000
2
6.550266 1.891000 0.008875
1.000000
114.000000
-10.201393 -3.654764 0.003327
0.989162
520.000000
4
1.943198 2.424546 -0.009114
1.000000
42.000000
-3.775254 2.439684 -0.005730
0.389427
140.000000
0.423023 -6.030772 0.048617
1.338351
38.000000
0.352566 -2.458102 0.001764
0.503273
580.000000
3
5.399660 2.378194 0.004323
1.000000
104.000000
-7.852330 -1.638064 -0.006393
1.104329
114.000000
-2.000000 0.000000 0.000000
0.536030
562.000000
3
2.823469 1.634668 0.000469
1.000000
150.000000
18.567780 1.364025 -0.097403
0.897122
54.000000
-0.278294 -2.772676 -0.006129
0.366466
506.000000
2
8.584259 1.983473 0.000845
1.000000
136.000000
0.589870 -2.194404 -0.004395
1.237309
548.000000
2
0.110037 2.808550 -0.002845
1.000000
112.000000
-7.625073 -2.968353 -0.027719
0.578987
480.000000
2
2.624458 1.722565 0.000083
1.000000
154.000000
-3.814775 -2.693884 0.001798
0.670463
530.000000
3
9.651752 0.959853 0.008376
1.000000
122.000000
25.212982 -1.233619 -0.027807
0.607677
64.000000
0.269655 -3.038469 0.009708
0.493457
498.000000
3
5.201940 0.836863 0.003075
1.000000
196.000000
0.000000 17.000000 -2.000000
0.602768
6.000000
-10.493286 -6.022308 0.031719
0.892006
538.000000
3
0.824130 3.143730 -0.022970
1.000000
26.000000
-4.466413 2.658597 -0.002793
0.698341
98.000000
-8.123349 -3.684348 0.001117
2.015723
494.000000
2
2.571335 1.786180 0.003013
1.000000
118.000000
22.749731 -4.748112 0.014847
0.749316
494.000000
2
5.267712 1.508726 0.001644
1.000000
166.000000
-9.204424 -9.695536 0.077655
0.667008
522.000000
4
1.511319 2.602663 -0.030692
1.000000
22.000000
-4.054944 1.674143 -0.000602
0.447253
164.000000
2.768906 -2.677565 -0.011775
1.410004
50.000000
-0.382903 -3.603765 0.014341
0.487987
554.000000
2
2.068316 1.641204 0.003511
1.000000
138.000000
-8.839153 -2.512008 -0.021169
1.067723
66.000000
3
0.579277 1.808042 -0.000619
1.000000
144.000000
6.776166 -5.087067 0.022514
1.557887
50.000000
0.000000 -4.000000 0.000000
0.401741
494.000000
3
-6.238512 2.014483 -0.002408
1.000000
170.000000
1.079624 -4.189537 0.001111
1.027435
58.000000
0.000000 -4.000000 0.000000
0.422756
526.000000
2
-4.060688 1.872528 0.001647
1.000000
134.000000
-1.606595 -3.852509 0.006132
1.034848
500.000000
4
4.343011 2.558599 -0.004896
1.000000
200.000000
0.411358 -4.626329 0.000693
0.606337
54.000000
0.000000 -7.833333 0.000000
0.393135
6.000000
-7.000000 0.000000 0.000000
0.224866
0.000000
3
-4.141655 3.762427 -0.011058
1.000000
140.000000
-3.624414 -2.040412 0.003262
1.452721
120.000000
-0.309999 -1.155698 -0.029572
0.473914
502.000000
3
-5.522803 2.791100 0.000062
1.000000
128.000000
-0.188474 -4.221224 0.017779
0.868043
64.000000
-0.224241 -1.488963 -0.022869
0.465231
452.000000
4
1.740993 0.896949 0.005096
1.000000
166.000000
8.000000 0.000000 0.000000
0.587778
0.000000
9.039556 -2.184178 -0.002164
1.050983
134.000000
0.000000 -3.000000 0.000000
0.980893
516.000000
3
-7.081364 2.987255 -0.005895
1.000000
146.000000
0.301119 -1.277559 -0.004686
0.673721
90.000000
-2.090758 -1.396140 -0.003783
0.519117
540.000000
3
-6.130005 2.283349 -0.003228
1.000000
142.000000
-1.048869 -1.734585 0.000856
0.790997
102.000000
-0.639147 -1.587615 -0.022645
0.497308
514.000000
3
-1.753551 2.593990 -0.004221
1.000000
110.000000
-0.787277 -1.650394 -0.000902
0.761269
76.000000
0.516714 -1.973181 0.001970
0.565441
484.000000
3
-0.473059 2.154972 -0.002482
1.000000
134.000000
0.252262 -2.503418 0.003280
0.886657
76.000000
-0.084361 -2.854607 0.012165
0.540840
492.000000
3
0.144849 2.578282 -0.005192
1.000000
146.000000
0.211831 -2.086480 0.000122
0.857973
84.000000
0.031089 -1.806115 -0.024965
0.486794
530.000000
2
-3.296459 1.789221 -0.004176
1.000000
122.000000
-1.192744 -1.582614 -0.011371
0.955999
470.000000
3
-2.866130 2.443305 -0.006765
1.000000
142.000000
-1.672680 -3.949805 0.011301
0.582504
54.000000
-0.367969 -2.482112 0.004506
0.490490
458.000000
2
5.322929 1.184242 0.000692
1.000000
162.000000
2.251444 -1.956905 -0.000885
1.164864
502.000000
3
-2.471189 1.643258 -0.001450
1.000000
180.000000
-0.559382 -2.042495 -0.006322
0.471655
54.000000
-2.850801 -2.179222 -0.004112
0.463150
514.000000
3
-4.157074 1.545358 -0.002059
1.000000
172.000000
-1.132335 -2.082750 0.002990
0.837834
76.000000
-0.332075 -1.974764 0.001779
0.560022
528.000000
3
-8.017422 2.547411 -0.007323
1.000000
156.000000
-2.410272 -1.802439 -0.005728
0.782078
72.000000
0.309432 -2.353014 -0.017329
0.519825
520.000000
3
5.735815 1.329938 -0.000577
1.000000
186.000000
-1.063661 -1.754708 -0.000717
0.865520
82.000000
-0.444716 -1.852418 -0.026928
0.448559
520.000000
3
-6.994702 1.916168 -0.003503
1.000000
196.000000
0.145269 -1.877314 -0.000955
0.819450
72.000000
-1.044104 -1.444332 -0.013549
0.507367
528.000000
3
-1.452052 1.515093 -0.000489
1.000000
164.000000
0.345646 -2.601800 0.003949
0.811642
62.000000
-0.761964 -2.750942 0.009639
0.586419
500.000000
3
-4.038837 1.706284 0.000589
1.000000
150.000000
2.096592 -1.742605 -0.003136
0.782910
80.000000
-1.369655 -1.634471 -0.007196
0.534483
538.000000
3
-3.018088 1.076281 0.001607
1.000000
172.000000
1.326098 -2.013122 -0.002628
0.973459
106.000000
0.000000 -4.500000 0.500000
0.474737
504.000000
2
-1.771481 1.961344 -0.002761
1.000000
164.000000
-0.948552 -2.704231 0.003466
1.020049
518.000000
3
-1.716264 2.276559 -0.005109
1.000000
130.000000
0.891680 -1.650789 0.002769
0.509150
130.000000
0.076923 -1.875000 0.007212
0.496558
502.000000
3
-0.552656 1.769315 -0.000546
1.000000
144.000000
-0.040339 -3.249757 0.013544
0.823328
62.000000
-1.219493 -1.889158 -0.011918
0.462073
482.000000
2
4.542283 0.443557 0.008021
1.000000
134.000000
25.458776 -1.400270 -0.000735
1.376544
524.000000
2
3.242788 0.750967 0.006566
1.000000
128.000000
5.664322 -1.047826 -0.001084
0.673244
540.000000
2
4.763243 1.105933 0.004352
1.000000
124.000000
15.868518 -2.158700 0.000382
0.755378
500.000000
3
-6.080319 1.508242 0.000072
1.000000
140.000000
1.429521 -2.255239 0.002199
0.392716
54.000000
-0.817522 -0.962013 -0.010703
0.558909
502.000000
3
-1.452573 1.600540 -0.001733
1.000000
170.000000
1.136079 -2.108467 0.002461
0.803015
70.000000
0.597998 -1.550477 0.000475
0.559479
532.000000
2
3.310022 0.856737 0.004051
1.000000
168.000000
12.979664 -1.583976 -0.005962
1.313586
536.000000
3
-0.779293 1.488590 0.000040
1.000000
170.000000
1.543147 -2.082029 0.003257
0.454436
90.000000
0.639096 -1.799268 -0.000256
0.579382
524.000000
2
-0.496002 1.613861 0.002613
1.000000
130.000000
-5.106211 -1.996651 0.000573
1.050451
530.000000
4
1.916784 1.866572 -0.006289
1.000000
44.000000
-7.463122 1.911674 -0.003949
0.425337
160.000000
-1.065483 -1.715978 -0.001533
1.370845
82.000000
-0.086563 -1.841096 -0.010151
0.645897
554.000000
3
-10.151692 1.323433 -0.000459
1.000000
210.000000
0.886149 -1.881767 0.000562
0.776550
94.000000
-0.000229 -1.418743 -0.013003
0.496793
564.000000
3
-0.335217 1.429723 0.000275
1.000000
198.000000
2.706394 -3.208982 0.007773
0.880520
72.000000
-1.016144 -1.406533 -0.003206
0.517383
570.000000
3
-2.058121 1.230044 0.000518
1.000000
214.000000
-0.804756 -3.337954 0.011688
0.847253
92.000000
-0.027651 -2.150773 -0.007602
0.517798
566.000000
3
-2.502283 1.319470 0.001380
1.000000
200.000000
3.268697 -4.692379 0.006561
0.779256
40.000000
-2.699999 -3.191844 0.004652
0.491179
508.000000
3
-3.210262 1.029564 0.001875
1.000000
206.000000
1.739682 -2.726839 0.001697
1.002644
110.000000
-0.000000 -4.416667 0.208333
0.474338
500.000000
2
-0.904865 1.586144 -0.000307
1.000000
190.000000
-11.552055 -3.015382 0.004656
0.964343
516.000000
4
1.013442 1.189094 0.005438
1.000000
34.000000
-5.171654 1.694606 -0.002643
0.364950
156.000000
1.485714 -2.964818 0.001250
1.487641
54.000000
-1.084907 -2.409345 -0.001731
0.704563
490.000000
3
-4.357975 1.716439 0.000488
1.000000
200.000000
1.379292 -2.717706 -0.000144
0.852182
70.000000
-1.075237 -1.197612 -0.020339
0.502469
516.000000
3
-1.900711 2.627400 -0.004373
1.000000
142.000000
-0.926425 -4.014102 0.015028
0.785293
62.000000
-2.072740 -2.342646 -0.017327
0.583484
474.000000
3
-0.547829 2.247394 -0.002988
1.000000
188.000000
5.158913 -2.321908 -0.017176
0.955133
80.000000
-0.351813 -2.664196 0.000829
0.529775
476.000000
3
3.900874 1.889042 -0.002139
1.000000
144.000000
17.974962 0.527901 -0.027558
0.987115
100.000000
-0.115723 -2.267329 -0.034341
0.435833
506.000000
4
8.098896 1.430344 0.000627
1.000000
208.000000
-2.626145 -2.297067 -0.011846
0.683173
34.000000
-2.176160 -0.647668 -0.453368
0.298298
14.000000
-1.141096 -3.337791 -0.002431
1.078506
522.000000
2
2.395887 1.829595 -0.002111
1.000000
190.000000
-6.553589 -0.436436 -0.038867
1.157426
520.000000
4
3.500000 0.000000 0.000000
1.000000
0.000000
-0.739887 2.262047 -0.002841
0.528711
142.000000
2.796656 -2.177592 -0.003272
1.890128
102.000000
-0.007194 -1.379496 0.017086
0.453373
502.000000
3
0.375803 1.724028 -0.003719
1.000000
184.000000
0.930059 -1.619404 -0.004810
0.868187
96.000000
0.000000 -4.000000 0.000000
0.460117
526.000000
2
-1.289563 1.843117 -0.001175
1.000000
150.000000
-4.127385 -0.328811 -0.042029
1.100294
78.000000
3
-7.653291 1.708749 -0.000534
1.000000
150.000000
14.990046 0.063222 -0.023223
1.315489
68.000000
0.200104 -1.951741 -0.003711
0.603090
484.000000
2
-1.017965 1.756388 -0.001120
1.000000
178.000000
3.207153 -2.964439 0.001951
1.088184
106.000000
3
1.521251 2.101397 -0.000591
1.000000
138.000000
13.535613 -2.125790 -0.026300
1.511385
50.000000
0.252305 -4.032084 0.018457
0.487302
472.000000
2
-7.092746 2.819789 -0.007674
1.000000
162.000000
-1.303950 -2.286232 0.001576
1.061785
482.000000
3
-3.775709 1.363899 0.000466
1.000000
168.000000
22.909561 -3.616398 -0.007643
0.615609
66.000000
0.000001 -2.833333 0.083333
0.427258
486.000000
2
1.932276 1.693955 -0.001812
1.000000
162.000000
-0.801131 -3.266989 0.001565
0.936496
514.000000
3
-2.375841 1.686258 -0.001184
1.000000
126.000000
2.663465 -1.853024 -0.012512
0.625283
82.000000
0.000000 -2.000000 0.000000
0.501562
500.000000
3
1.099618 1.912131 -0.001654
1.000000
152.000000
18.619722 -2.099257 -0.015397
0.820525
52.000000
1.465864 -4.008876 0.020961
0.472142
524.000000
3
-4.273282 2.186116 -0.004157
1.000000
164.000000
-1.490027 -2.480359 -0.007207
1.152454
88.000000
0.000000 0.000000 0.000000
0.473259
492.000000
3
0.635477 2.290919 0.004714
1.000000
84.000000
7.127149 -1.310351 -0.021282
0.989671
86.000000
0.000000 -1.000000 0.000000
0.485818
456.000000
3
-6.491174 1.526224 -0.001509
1.000000
184.000000
6.581487 2.187992 -0.076686
0.869670
68.000000
0.072728 -4.218182 0.272727
0.378100
558.000000
2
5.234102 2.308842 -0.005669
1.000000
130.000000
0.182335 -3.071076 0.005547
1.192306
514.000000
2
5.183132 1.468836 0.000865
1.000000
140.000000
-4.451032 -1.052093 -0.024613
0.666740
524.000000
3
5.743249 0.177827 0.017365
1.000000
98.000000
18.343885 0.979937 -0.020179
0.569429
104.000000
0.081908 -2.334933 -0.003856
0.513545
498.000000
3
4.227776 1.469315 0.000509
1.000000
142.000000
1.942329 -2.728175 -0.004276
0.927058
62.000000
-0.000000 -3.333333 -0.166667
0.418636
486.000000
3
-7.890916 2.078080 -0.003420
1.000000
156.000000
10.455839 -1.945468 -0.025846
0.813125
38.000000
-2.075867 -1.045153 -0.199867
0.479168
482.000000
3
0.880525 2.394477 -0.005601
1.000000
144.000000
-2.834778 -1.540050 -0.001137
0.780083
70.000000
2.153305 -3.429898 0.019009
0.550350
536.000000
3
-5.303586 2.191966 -0.001664
1.000000
132.000000
-4.050262 1.383369 -0.058193
0.856006
64.000000
-2.001239 -6.751723 0.134873
0.510676
460.000000
2
0.232493 1.358447 0.000585
1.000000
178.000000
-8.435472 -0.453706 -0.024827
0.964074
506.000000
4
1.160220 1.585635 -0.017956
1.000000
18.000000
-5.942610 1.518330 0.000191
0.536897
156.000000
1.838586 -1.738299 -0.003162
1.712327
106.000000
0.000000 -3.500000 0.500000
0.469138
506.000000
3
-0.190877 1.689284 -0.001396
1.000000
182.000000
0.888079 -4.139635 -0.015876
0.763790
30.000000
2.796945 -4.180901 -0.020559
0.478368
490.000000
3
4.613754 1.198948 -0.000047
1.000000
222.000000
0.152299 -0.457303 -0.010322
1.012459
126.000000
-3.000000 -3.250000 0.375000
0.451039
578.000000
3
-0.129036 2.389607 -0.007226
1.000000
118.000000
0.194632 -1.293469 -0.030002
0.786352
60.000000
-0.000000 -3.833333 -0.166667
0.494960
440.000000
3
-4.432276 2.353273 -0.003252
1.000000
122.000000
1.342655 0.763062 -0.037559
0.956202
74.000000
0.136059 -6.129940 0.061544
0.476880
458.000000
2
-3.936108 1.708324 -0.001148
1.000000
168.000000
-1.152823 -1.202872 -0.017690
1.090152
98.000000
2
-2.248947 1.709875 0.000834
1.000000
186.000000
4.133073 -1.519657 -0.012051
1.927940
132.000000
3
6.529747 1.565268 0.002811
1.000000
174.000000
-0.422782 1.422014 -0.045777
1.878387
98.000000
0.677129 -6.427374 0.124748
0.458991
500.000000
3
9.239822 1.698995 -0.000648
1.000000
204.000000
0.292204 -3.320261 -0.000107
1.036241
104.000000
-1.000000 0.000000 0.000000
0.477816
548.000000
3
11.485049 1.773768 -0.001642
1.000000
256.000000
8.268850 -3.342174 -0.027077
0.998627
68.000000
0.118108 -2.639107 0.002625
0.420570
574.000000
3
1.632548 2.186942 -0.002058
1.000000
208.000000
3.737161 -2.022543 -0.006288
0.978538
112.000000
0.698042 -4.347802 0.037819
0.446675
570.000000
3
22.107637 2.561514 -0.004367
1.000000
172.000000
16.468039 -0.254358 -0.028985
0.954028
88.000000
-1.164227 -3.854235 -0.011258
0.471060
542.000000
3
10.648454 2.282655 -0.003053
1.000000
144.000000
23.503653 1.572835 -0.023766
1.020404
134.000000
0.444866 -3.007410 -0.008657
0.481057
580.000000
2
-2.094225 2.340213 -0.002140
1.000000
182.000000
2.477680 -0.323974 -0.011975
1.135047
590.000000
2
1.925945 3.336509 -0.006113
1.000000
110.000000
5.330701 -2.440592 -0.001112
0.577679
528.000000
3
17.295959 2.669585 -0.006797
1.000000
182.000000
5.675540 -2.374338 -0.011373
0.627299
84.000000
0.007185 -3.006587 0.031437
0.452168
542.000000
3
2.127369 1.775163 0.000522
1.000000
154.000000
8.265915 -2.036685 -0.013320
1.071976
96.000000
-0.000001 -2.277778 0.027778
0.465121
534.000000
2
17.131802 2.647404 -0.003532
1.000000
146.000000
-0.077980 -1.694103 -0.004714
1.158485
144.000000
3
0.496702 2.367166 -0.003504
1.000000
148.000000
3.147315 -3.592443 0.008674
2.087977
116.000000
0.000000 0.000000 0.000000
0.490829
508.000000
3
-3.223317 2.637519 -0.004606
1.000000
152.000000
-1.889451 -2.158353 -0.001531
0.925958
118.000000
-1.000000 0.000000 0.000000
0.488369
512.000000
2
12.352974 1.878142 0.003364
1.000000
134.000000
-3.151097 -0.851414 -0.015377
1.113474
532.000000
3
5.512579 1.090262 0.007685
1.000000
130.000000
-1.176729 -1.357617 -0.006502
0.620359
130.000000
0.000000 -3.000000 0.500000
0.494521
536.000000
3
6.223545 2.512168 -0.006203
1.000000
166.000000
3.095567 -1.547844 -0.013423
0.870147
88.000000
-0.237996 -1.683805 0.008983
0.475987
544.000000
3
4.967264 2.236371 -0.002355
1.000000
160.000000
3.848883 -1.572941 -0.003311
1.178833
158.000000
0.000000 -2.000000 0.000000
0.505407
538.000000
2
0.986797 1.609018 -0.000187
1.000000
180.000000
1.200228 -1.262989 -0.003911
0.891175
574.000000
3
-0.049366 2.251622 -0.002001
1.000000
150.000000
5.836790 -2.320836 -0.005401
0.714529
122.000000
0.000000 -2.333333 0.166667
0.505931
524.000000
3
2.217873 1.087662 0.007192
1.000000
144.000000
0.417262 -1.472926 -0.009738
0.973171
122.000000
0.000000 -1.500000 0.000000
0.489582
518.000000
3
2.344067 2.246291 -0.001362
1.000000
146.000000
8.566232 -2.349564 -0.009683
0.968031
94.000000
0.043751 -1.635251 0.019004
0.449439
522.000000
3
-1.058375 2.625233 -0.000396
1.000000
114.000000
15.904964 -0.020176 -0.014929
0.992693
132.000000
0.392424 -2.230945 0.022703
0.448056
510.000000
3
16.281101 4.138986 -0.022708
1.000000
82.000000
12.586153 -0.038183 -0.027818
1.008041
80.000000
0.528131 -4.351490 0.048817
0.484913
424.000000
3
0.148079 2.461783 -0.004173
1.000000
142.000000
2.736212 -2.772932 -0.075531
0.917848
40.000000
-0.000000 -2.333333 0.083333
0.424447
442.000000
2
8.155248 2.108049 -0.002451
1.000000
152.000000
-3.289813 -1.778431 -0.002767
1.024313
498.000000
3
-3.083705 2.336558 -0.004174
1.000000
124.000000
-0.375146 -1.530193 -0.017224
0.464660
58.000000
-0.091864 -2.515092 0.041010
0.423937
440.000000
3
-6.730856 2.322971 -0.005908
1.000000
106.000000
-2.334007 -1.686327 -0.013647
0.801476
52.000000
-0.000003 -9.583333 0.791667
0.458225
452.000000
3
-2.034875 2.307787 0.000324
1.000000
104.000000
0.648347 -2.258556 0.005645
0.867658
62.000000
-1.243322 -2.070634 -0.006492
0.462138
466.000000
2
5.776123 1.683953 -0.001136
1.000000
120.000000
16.655977 -1.421797 -0.006771
1.210097
494.000000
2
9.021834 0.522954 0.010630
1.000000
118.000000
6.249303 -2.185740 0.000577
0.702773
106.000000

