4
-0.847940 0.179578 -0.000315
1.000000
242.000000 24.175482
3.504826 -0.178333 0.001595
1.504697
-176.000000 84.295967
-2.412758 0.144999 -0.000346
0.863106
230.000000 12.652084
0.000000 0.000000 0.000000
0.523312
444.000000 0.000000
4
-1.767693 0.089921 -0.000039
1.000000
334.000000 23.882648
-0.780733 -0.274251 0.000843
1.070874
-238.000000 112.239944
0.440716 0.026746 -0.000094
0.677359
218.000000 1.785195
0.021467 0.108778 -0.005750
0.451726
500.000000 -6.325254
4
-3.029935 0.163854 -0.000382
1.000000
246.000000 14.163372
0.453443 -0.440666 0.000301
0.771125
-216.000000 109.695084
-1.070121 -1.371693 -0.008159
0.576705
-32.000000 34.469757
-0.572633 0.018997 -0.000044
1.309662
510.000000 1.059250
4
0.035428 -0.001924 0.000083
1.000000
400.000000 12.573681
0.336064 -0.481743 0.000109
1.063670
-276.000000 141.580353
0.000000 0.000000 0.000000
0.689798
264.000000 0.000000
0.000000 0.000000 0.000000
0.430090
558.000000 0.000000
3
-0.227844 -0.007324 0.000130
1.000000
318.000000 10.544833
4.747754 -0.285185 0.000813
1.135294
-284.000000 151.341995
0.000000 0.000000 0.000000
0.862427
540.000000 0.000000
4
0.833788 0.084194 -0.000065
1.000000
284.000000 19.518656
1.289640 -0.271757 0.001068
0.662328
-240.000000 128.010849
0.335372 0.030335 -0.000108
0.873564
284.000000 0.261142
0.000000 0.000000 0.000000
0.478034
552.000000 0.000000
4
2.519222 0.049760 -0.000028
1.000000
352.000000 16.562046
4.281153 -0.485816 0.000466
1.124120
-276.000000 173.862747
-0.518601 -0.028426 0.000140
0.738825
234.000000 0.519465
0.010118 0.104778 -0.001426
0.389870
566.000000 1.161889
4
0.921051 -0.020770 0.000294
1.000000
360.000000 31.545628
3.068346 -0.438661 0.000313
1.298033
-262.000000 139.456940
0.170153 0.049143 -0.000079
0.728554
254.000000 7.582644
0.000000 0.000000 0.000000
0.422469
544.000000 0.000000
4
-1.531539 0.050192 -0.000044
1.000000
348.000000 10.572929
-3.191698 -0.629441 -0.000045
1.169035
-242.000000 146.525497
0.181880 0.038248 -0.000093
0.686976
238.000000 3.992284
0.000000 0.000000 0.000000
0.432293
572.000000 0.000000
4
-1.088345 0.073199 -0.000083
1.000000
372.000000 14.671892
-1.605650 -0.526908 0.000151
1.229316
-254.000000 141.982025
-0.073452 0.006717 -0.000047
0.753117
300.000000 -2.253116
0.000000 0.000000 0.000000
0.463518
588.000000 0.000000
4
-1.107269 0.032205 -0.000024
1.000000
340.000000 7.069979
-6.062093 -0.779736 -0.000564
1.122757
-190.000000 121.715904
0.000000 0.000000 0.000000
0.584508
222.000000 0.000000
0.000000 0.000000 0.000000
0.451931
606.000000 0.000000
4
-0.025860 0.070984 0.000022
1.000000
328.000000 25.625546
-3.790997 -0.525493 0.000185
1.263926
-258.000000 144.083755
-0.638054 0.030830 0.000022
0.788192
304.000000 10.732734
0.000000 0.000000 0.000000
0.459899
628.000000 0.000000
3
-1.027261 0.059694 -0.000057
1.000000
342.000000 12.679952
4.197914 -0.353736 0.000316
1.117266
-354.000000 168.962219
1.090204 0.008004 -0.000029
0.986099
606.000000 -0.396940
3
5.925203 0.027162 0.000071
1.000000
368.000000 25.482422
7.541091 -0.128910 0.000813
0.657261
-376.000000 170.997330
2.335011 -0.034006 -0.000009
1.037508
598.000000 -12.724756
4
-0.116852 0.016390 0.000081
1.000000
318.000000 13.246195
-0.235237 -0.164955 0.001334
0.456163
-230.000000 108.246483
2.137543 -1.488350 -0.010461
0.568622
-30.000000 37.373329
-0.185165 -0.074943 0.000174
1.105191
592.000000 -6.676331
4
-1.026027 0.091437 -0.000122
1.000000
322.000000 15.784812
4.964905 -0.203669 0.000937
0.918192
-294.000000 145.868896
-0.876234 -0.062894 0.000164
0.846277
284.000000 -5.474846
0.110596 -0.038757 0.000571
0.490067
686.000000 2.927259
4
-0.205875 0.022284 0.000094
1.000000
270.000000 12.640400
-7.356656 -0.581326 0.000169
1.092392
-182.000000 104.032043
-0.224405 0.008337 0.000067
0.670152
244.000000 5.804595
0.000000 0.200000 0.000000
0.491536
588.000000 2.000000
3
0.652652 0.004240 0.000062
1.000000
312.000000 8.016357
1.728251 -0.261230 0.000357
1.207485
-328.000000 125.857407
0.044618 0.025224 -0.000010
0.999449
628.000000 8.064464
4
2.845786 0.032251 0.000103
1.000000
288.000000 20.658192
1.229873 -0.425061 0.000011
0.524912
-270.000000 116.765198
17.620228 -0.589304 -0.009386
0.571533
0.000000 17.620228
0.147603 0.062243 -0.000097
1.151692
602.000000 9.994825
4
0.683582 0.024967 0.000097
1.000000
366.000000 22.857273
1.447278 -0.446523 0.000210
1.012314
-300.000000 154.269058
-0.358169 0.025532 -0.000066
0.701340
214.000000 2.076502
-0.198399 0.031446 -0.000288
0.481330
644.000000 -3.875447
4
1.179264 -0.053304 0.000384
1.000000
328.000000 25.014963
6.290421 0.030577 0.001446
1.135773
-290.000000 119.054146
0.235968 0.111942 -0.000130
0.875322
304.000000 22.257751
0.009173 0.049719 -0.000290
0.475721
662.000000 1.936494
4
-1.340462 0.088609 -0.000112
1.000000
314.000000 15.475777
-5.504459 -0.549192 0.000178
1.030558
-214.000000 120.154617
0.074746 0.033472 -0.000065
0.836724
350.000000 3.772946
0.000000 0.000000 0.000000
0.559500
672.000000 0.000000
4
0.675892 -0.011211 0.000091
1.000000
376.000000 9.388399
0.859281 -0.342435 0.000667
1.060263
-270.000000 141.932861
-0.069865 0.022121 0.000224
0.762538
306.000000 27.676424
0.000000 0.104167 0.002604
0.467391
628.000000 6.000000
4
1.715218 0.132530 -0.000041
1.000000
424.000000 50.465332
-2.988328 -0.511937 0.000213
1.117027
-278.000000 155.827286
-0.513415 0.071310 -0.000040
0.700054
282.000000 16.405640
0.000000 0.092632 -0.001053
0.418213
630.000000 2.000000
4
-1.728989 0.126535 -0.000067
1.000000
386.000000 37.149860
-1.067715 -0.203897 0.000442
1.156196
-280.000000 90.713600
-0.057395 0.066793 0.000028
0.662719
264.000000 19.521955
-0.400000 0.533333 -0.083333
0.469571
556.000000 -1.800000
3
-0.336482 0.135431 -0.000152
1.000000
328.000000 27.680347
6.403668 -0.092320 0.001548
0.996547
-292.000000 165.346085
0.303056 0.022413 0.000073
1.062922
388.000000 19.971315
3
-2.449507 0.138207 -0.000201
1.000000
228.000000 18.606569
6.621368 0.006472 0.001556
1.551157
-312.000000 156.071457
2.883268 0.086643 -0.000138
1.274782
554.000000 15.624536
4
-2.455394 0.186240 -0.000552
1.000000
224.000000 11.585510
0.587039 -0.629792 -0.000083
0.412378
-220.000000 135.128922
-1.054419 -1.475731 -0.013180
0.609924
-34.000000 33.884811
-0.746892 0.030129 -0.000139
1.314990
532.000000 -5.664241
3
-5.381474 0.052799 -0.000066
1.000000
316.000000 4.684543
5.651337 -0.037931 0.001529
0.843215
-334.000000 188.914108
5.050340 0.017208 0.000079
1.121048
562.000000 24.911339
4
0.665131 0.275219 -0.000719
1.000000
194.000000 26.980228
1.696723 -0.119221 0.000810
0.492852
-332.000000 130.526123
1.482616 0.321736 -0.001046
0.929599
208.000000 23.139023
-0.563402 0.025882 0.000001
0.553861
518.000000 5.291378
4
-0.959327 0.063211 -0.000186
1.000000
260.000000 2.873661
2.773163 -0.176369 0.001324
0.910130
-254.000000 132.990234
0.686989 -0.090812 0.000222
0.744706
170.000000 -8.337754
0.106332 0.006669 -0.000311
0.590922
604.000000 -11.249102
3
0.018139 -0.007353 0.000055
1.000000
338.000000 3.843221
8.026046 0.087335 0.000904
1.079130
-368.000000 98.268433
11.578558 0.048789 -0.000094
1.076266
584.000000 16.333420
3
-1.448038 0.063975 -0.000256
1.000000
288.000000 -4.239774
2.328812 -0.072306 0.000893
0.568971
-316.000000 114.312172
-0.437093 0.014435 -0.000001
1.042173
640.000000 5.220148
3
-1.791897 0.108361 -0.000199
1.000000
304.000000 12.724442
5.898659 0.035464 0.001690
0.548628
-304.000000 151.320755
-1.517437 -0.029928 -0.000023
1.071135
562.000000 -15.361809
3
1.695997 0.071211 -0.000150
1.000000
374.000000 7.344810
3.176740 -0.153622 0.000766
0.705423
-336.000000 141.304398
0.782161 -0.051302 0.000091
0.982600
672.000000 -4.381205
3
-3.073371 0.103312 -0.000206
1.000000
298.000000 9.404477
0.300001 -0.288294 0.000341
0.469007
-296.000000 115.553009
17.533890 0.043451 -0.000102
1.407201
738.000000 12.737444
3
4.572973 0.051245 -0.000063
1.000000
420.000000 15.035715
7.722936 -0.346827 -0.000071
0.709362
-450.000000 149.446350
1.899732 0.037813 -0.000071
0.997614
662.000000 4.784308
4
-4.058475 0.065597 -0.000163
1.000000
300.000000 0.931039
1.450750 -0.186688 0.001329
0.471380
-242.000000 124.448799
0.515885 -0.047458 0.000120
0.771992
236.000000 -4.022364
0.000709 -0.034999 -0.000501
0.464784
604.000000 -5.115503
4
-3.357265 0.128457 -0.000327
1.000000
278.000000 7.069739
1.487350 -0.275108 0.000956
0.778311
-246.000000 127.047195
19.359325 0.096455 0.010991
0.606953
10.000000 21.422974
-0.224466 -0.049202 0.000139
0.958733
582.000000 -1.928328
3
-1.471386 0.188860 -0.000499
1.000000
262.000000 13.727551
-0.667605 -0.522747 -0.000030
0.676273
-230.000000 117.976547
21.445213 0.047840 -0.000128
1.196821
600.000000 22.401630
4
2.829072 0.054688 -0.000170
1.000000
356.000000 0.730321
-3.002571 -0.701864 -0.000667
0.737271
-228.000000 122.370003
-0.138199 -0.025836 0.000041
0.673724
272.000000 -4.114362
0.000000 0.000000 0.000000
0.493701
614.000000 0.000000
4
-1.944842 0.047184 -0.000026
1.000000
390.000000 12.538659
1.027054 -0.260187 0.000435
0.872578
-322.000000 129.951263
28.495588 0.231799 0.015147
0.554108
4.000000 29.665144
-1.033345 -0.002544 -0.000014
0.934952
624.000000 -3.765569
4
-1.094705 0.035248 -0.000005
1.000000
280.000000 8.379358
0.185696 -0.448828 0.000294
0.749861
-256.000000 134.373291
0.089300 -1.382462 -0.008507
0.571122
-40.000000 41.776726
0.715855 -0.053997 0.000081
1.461010
534.000000 -7.902846
4
-4.123435 0.132594 -0.000237
1.000000
260.000000 14.340202
-4.136073 -0.646961 0.000186
0.726578
-224.000000 150.104965
0.136434 -0.052081 -0.000026
0.888648
302.000000 -17.958754
0.000000 -0.007955 -0.000852
0.475817
574.000000 -4.000000
4
-1.723083 0.100608 -0.000186
1.000000
276.000000 11.852516
-1.090207 -0.624515 -0.000249
0.822282
-246.000000 137.486145
16.951916 -0.167145 0.001104
0.580737
2.000000 16.622042
-0.599643 0.021985 -0.000087
1.205202
574.000000 -4.778893
4
-0.633822 0.012496 0.000011
1.000000
350.000000 5.030784
-3.194214 -0.490118 0.000485
0.937645
-236.000000 139.507523
-0.536450 0.036461 -0.000241
0.758158
306.000000 -11.954237
0.022658 -0.111791 0.000472
0.505458
644.000000 -6.157160
3
-0.306846 0.046030 -0.000068
1.000000
320.000000 7.465727
6.214189 0.167920 0.002330
0.876329
-300.000000 165.568161
-0.499666 -0.043181 0.000019
1.126223
592.000000 -14.965052
4
-0.704875 0.099330 -0.000178
1.000000
282.000000 13.158774
0.861339 0.046511 0.002903
0.526805
-212.000000 121.491623
0.035885 -0.036494 -0.000009
0.892500
306.000000 -12.015546
0.000000 0.000000 0.000000
0.523706
586.000000 0.000000
3
-3.593561 0.138010 -0.000296
1.000000
286.000000 11.662821
-1.137128 -0.424765 0.000317
0.813918
-232.000000 114.450645
0.800410 -0.036290 0.000013
0.957323
572.000000 -10.525515
4
1.207292 0.103207 -0.000158
1.000000
408.000000 17.000109
-1.914659 -0.345041 0.000558
0.695137
-258.000000 124.229599
0.000000 0.000000 0.000000
0.717219
290.000000 0.000000
0.000000 0.000000 0.000000
0.464056
642.000000 0.000000
3
-0.300302 0.052882 -0.000058
1.000000
360.000000 11.238873
4.376305 -0.363127 0.000110
1.150790
-312.000000 128.358490
-0.207711 -0.000953 -0.000128
0.868390
576.000000 -16.052299
4
-3.028651 0.047284 -0.000072
1.000000
304.000000 4.713896
-4.142220 -0.477115 0.000043
0.597191
-196.000000 91.027710
-0.399358 -0.019064 0.000047
0.771782
310.000000 -1.782766
0.000000 0.000000 0.000000
0.540407
600.000000 0.000000
3
-2.825468 0.115992 -0.000261
1.000000
258.000000 9.745857
-0.026567 -0.407342 0.000699
0.708948
-240.000000 137.986435
15.250702 -0.026683 0.000050
1.242642
576.000000 12.217171
4
-1.816354 -0.016218 0.000037
1.000000
354.000000 -2.949690
-0.014453 -0.625672 -0.000126
0.546029
-234.000000 139.514816
1.088387 -1.386026 -0.008810
0.555441
-36.000000 39.567089
1.056694 -0.056655 0.000172
1.319502
676.000000 5.501251
3
0.777124 0.199748 -0.000121
1.000000
436.000000 64.873573
5.339966 -0.176826 0.001245
0.968095
-350.000000 219.708649
-0.265137 -0.040075 0.000145
0.872555
622.000000 6.248907
4
-0.820882 0.042691 0.000034
1.000000
342.000000 17.800789
1.254480 -0.322330 0.000387
0.651395
-352.000000 162.624023
0.012907 0.050838 -0.000082
0.843367
312.000000 7.905462
0.000000 0.000000 0.000000
0.470468
554.000000 0.000000
4
0.070628 0.077866 -0.000106
1.000000
332.000000 14.264231
-0.213478 -0.458473 0.000479
1.125641
-284.000000 168.616241
-0.249291 0.079507 -0.000087
0.825897
334.000000 16.557049
0.000000 0.000000 0.000000
0.458998
600.000000 0.000000
3
0.096985 -0.014549 0.000165
1.000000
350.000000 15.190441
3.393206 -0.247508 0.000602
1.143192
-360.000000 170.515152
-0.249861 0.003060 0.000048
1.035015
568.000000 10.328285
4
0.689063 0.061587 -0.000064
1.000000
406.000000 15.159320
-3.910932 -0.519307 -0.000021
0.733090
-328.000000 164.189484
-0.470261 0.014309 0.000060
0.793763
392.000000 14.338047
0.000000 0.090909 0.000000
0.481874
676.000000 2.000000
4
-1.426853 0.068478 -0.000062
1.000000
394.000000 15.956719
-0.998807 -0.325611 0.000826
0.756706
-262.000000 141.014511
3.268570 -1.247347 -0.008221
0.544454
-30.000000 33.290009
-0.391169 0.066447 -0.000073
1.015344
592.000000 13.692944
4
-1.528204 0.110101 -0.000234
1.000000
250.000000 11.350840
0.962616 -0.511499 0.000674
1.044684
-304.000000 218.726852
0.634850 -0.022953 -0.000179
0.860746
268.000000 -18.375713
0.009204 -0.061612 -0.000390
0.410243
484.000000 -10.048301
4
0.753846 0.067093 -0.000116
1.000000
292.000000 10.450104
0.226848 -0.584176 0.000319
1.110599
-260.000000 173.666245
0.190633 -0.002015 -0.000071
0.853650
286.000000 -6.199316
-0.000000 -0.079272 0.000140
0.433688
544.000000 -6.000000
4
0.891057 0.008771 0.000076
1.000000
344.000000 12.872225
-1.316637 -0.996399 -0.000764
1.389027
-322.000000 240.355042
0.225277 -0.057535 -0.000025
0.703535
232.000000 -14.448601
-0.207241 -0.024567 -0.000080
0.392441
544.000000 -3.467242
3
0.240110 -0.051180 0.000311
1.000000
338.000000 18.428392
4.704315 -0.124357 0.000844
1.350483
-440.000000 222.844666
1.015300 0.017764 -0.000158
1.119185
542.000000 -23.734291
4
-0.165236 -0.007484 0.000045
1.000000
332.000000 2.322187
0.625673 -0.802717 -0.000603
0.468393
-266.000000 171.452438
-1.004871 -0.950714 -0.003031
0.623796
-82.000000 56.574795
-0.367701 -0.003138 -0.000014
1.281343
404.000000 -3.973082
4
-3.006599 -0.044580 0.000122
1.000000
278.000000 -5.987143
0.789963 -0.427821 0.001229
2.048301
-268.000000 203.750626
-0.704852 -0.171178 0.000256
0.856093
242.000000 -27.160669
0.016079 -0.037621 -0.000132
0.395133
534.000000 -4.198025
4
-1.819470 0.018056 -0.000013
1.000000
308.000000 2.501132
-1.062849 -0.911584 -0.000510
0.851866
-192.000000 155.145203
-1.483582 -0.838244 -0.001699
0.605562
-92.000000 61.252708
-0.464239 -0.011264 -0.000143
1.520102
580.000000 -26.127146
4
0.652466 -0.027197 0.000073
1.000000
366.000000 0.518919
1.215593 -0.278415 0.001294
0.924435
-294.000000 194.918411
0.769421 -0.128031 0.000144
0.775118
292.000000 -24.375158
0.015314 -0.186847 0.003691
0.416261
604.000000 -0.770089
4
-0.071165 -0.005655 -0.000051
1.000000
328.000000 -7.421246
-3.100797 -0.741661 -0.000382
1.260046
-264.000000 166.071884
-0.186755 0.017511 -0.000135
0.707769
278.000000 -5.722214
0.000000 0.000000 0.000000
0.456893
574.000000 0.000000
4
0.095701 0.043007 0.000033
1.000000
374.000000 20.852072
-3.618651 -0.662497 0.000234
1.117080
-244.000000 171.951019
0.131105 -0.016491 0.000192
0.635271
192.000000 4.034842
0.187700 0.058995 -0.000616
0.450228
592.000000 1.399056
4
-1.156309 0.027489 0.000004
1.000000
454.000000 12.195709
2.156794 -0.514566 -0.000013
1.013423
-314.000000 162.485870
4.964981 -1.289874 -0.011548
0.483097
-22.000000 27.752834
-0.386418 0.015090 -0.000060
1.011589
614.000000 -2.638838
4
-1.833353 -0.068160 0.000368
1.000000
328.000000 15.453587
-1.118671 -0.497086 0.000518
1.056033
-302.000000 196.267593
-0.617297 0.040895 -0.000272
0.786142
272.000000 -9.582789
-0.000000 0.156522 -0.004348
0.378979
516.000000 -2.000000
4
0.650701 -0.015333 0.000090
1.000000
438.000000 11.277744
0.744582 -0.241399 0.000897
1.215852
-344.000000 189.916550
0.063526 -0.005856 -0.000127
0.748033
286.000000 -11.959917
0.000000 -0.058824 0.000000
0.366207
526.000000 -2.000000
4
1.599628 -0.068826 0.000209
1.000000
422.000000 9.834200
-3.172780 -0.508144 0.000274
1.218348
-262.000000 148.757965
0.000000 0.000000 0.000000
0.667693
274.000000 0.000000
0.000000 0.000000 0.000000
0.431354
548.000000 0.000000
3
-0.889337 0.040875 0.000017
1.000000
266.000000 11.200163
2.980059 -0.573964 0.000971
1.094987
-242.000000 198.748795
-0.095685 0.003791 -0.000015
1.021425
528.000000 -0.590838
3
-0.582944 0.056264 0.000000
1.000000
350.000000 19.115240
1.521439 -0.296239 0.001336
0.704040
-292.000000 201.972382
-0.073151 0.036830 -0.000077
0.886921
532.000000 3.809298
3
-0.194629 -0.012303 0.000141
1.000000
374.000000 14.922428
3.752451 -0.135422 0.001387
0.670833
-294.000000 163.410599
-0.196439 0.008280 -0.000037
0.905843
540.000000 -2.095895
3
0.578846 0.090532 -0.000111
1.000000
350.000000 18.609831
-2.663072 -0.600177 0.000274
0.590665
-268.000000 177.864059
7.599421 0.026456 -0.000060
0.967902
508.000000 9.778597
3
-1.027874 0.052963 -0.000038
1.000000
378.000000 13.615576
0.807023 -0.304318 0.000815
0.664716
-266.000000 139.448746
0.000000 0.000000 0.000000
0.840576
538.000000 0.000000
4
-0.404285 0.008381 0.000055
1.000000
324.000000 8.071424
-1.554846 -0.473571 0.000897
0.646544
-202.000000 130.693268
0.323763 0.030651 -0.000012
0.803729
294.000000 8.279057
0.000000 0.071429 0.000000
0.487198
570.000000 2.000000
4
-0.542187 0.007786 0.000037
1.000000
338.000000 6.348739
-5.735492 -0.555872 -0.000194
1.099150
-224.000000 109.029121
0.000000 0.000000 0.000000
0.675445
266.000000 0.000000
0.000000 0.000000 0.000000
0.488311
552.000000 0.000000
3
0.605703 0.008949 0.000026
1.000000
414.000000 8.822856
6.971911 -0.400100 0.000217
1.263962
-338.000000 166.991257
1.078288 0.036429 -0.000093
0.806653
580.000000 2.745722
3
1.939883 0.030112 -0.000014
1.000000
394.000000 11.600864
4.148304 -0.109458 0.000752
0.679811
-338.000000 127.005898
-0.329025 0.015460 0.000062
0.871167
562.000000 10.644817
4
0.571001 0.095677 -0.000172
1.000000
342.000000 13.147156
-1.283395 -0.570504 0.000104
0.714769
-282.000000 167.859177
0.969463 0.004891 -0.000063
0.840342
330.000000 -4.247105
0.000000 -0.118056 0.001736
0.452909
632.000000 -2.000000
3
-1.200943 0.038690 -0.000071
1.000000
332.000000 3.791448
5.699557 -0.046981 0.001031
0.979971
-346.000000 145.333511
1.602921 -0.007345 -0.000031
1.042300
606.000000 -6.250422
3
-1.744605 0.058570 -0.000106
1.000000
274.000000 6.310038
4.343956 0.069383 0.001832
0.486346
-246.000000 98.146545
-0.343052 0.032326 -0.000097
1.120152
640.000000 -2.957503
3
-0.207464 0.059870 -0.000136
1.000000
330.000000 4.740761
3.707686 -0.234286 0.000655
0.694159
-354.000000 168.679977
0.000000 0.000000 0.000000
1.073423
612.000000 0.000000
4
-2.647889 0.112493 -0.000207
1.000000
324.000000 12.116525
1.626399 -0.213792 0.001248
0.523800
-258.000000 139.861526
-0.255330 0.014267 -0.000078
0.879207
322.000000 -3.778449
0.000000 -0.090909 0.000000
0.481421
610.000000 -2.000000
4
-0.356695 0.026534 -0.000029
1.000000
444.000000 5.649614
2.684506 -0.571620 -0.000136
1.134957
-324.000000 173.600708
0.215936 -0.011001 0.000058
0.717481
280.000000 1.650562
0.000000 0.000000 0.000000
0.427425
696.000000 0.000000
3
-2.900273 0.145015 -0.000154
1.000000
356.000000 29.158504
6.707167 0.043716 0.001698
0.871056
-336.000000 183.690018
0.592896 -0.103433 0.000176
1.074966
630.000000 -11.647850
3
2.918230 0.061757 -0.000088
1.000000
398.000000 13.627890
6.435472 -0.049763 0.000669
0.702218
-450.000000 164.344467
-0.704998 -0.105401 0.000177
1.004310
584.000000 -13.755671
3
0.718928 0.026552 -0.000053
1.000000
394.000000 2.892622
5.524151 -0.113481 0.000834
0.593455
-362.000000 155.889282
-1.043849 -0.024855 0.000043
1.001133
656.000000 -3.641262
3
0.013245 0.031844 0.000007
1.000000
352.000000 12.138665
9.184620 -0.152842 0.000317
0.683531
-448.000000 141.206985
0.368284 -0.014015 0.000020
1.060927
546.000000 -1.992496
3
-3.494455 0.136520 -0.000370
1.000000
268.000000 6.548534
3.036387 -0.167232 0.000707
0.514806
-320.000000 128.953888
-0.110911 -0.009466 0.000008
1.146226
606.000000 -2.763107
4
-0.676902 0.027765 -0.000080
1.000000
346.000000 -0.602680
-1.736964 -0.263241 0.000593
0.659514
-288.000000 123.267120
0.538128 0.008979 -0.000002
0.776497
326.000000 3.213302
0.000000 0.000000 0.000000
0.473291
640.000000 0.000000
4
-2.492735 0.091269 -0.000196
1.000000
324.000000 6.515417
-2.036541 -0.312790 0.000234
0.850732
-268.000000 98.563034
0.027816 0.000755 0.000045
0.820426
346.000000 5.680171
0.000000 0.000000 0.000000
0.500233
682.000000 0.000000
4
-0.870190 0.018307 0.000320
1.000000
182.000000 13.046570
1.195699 -0.059663 0.001630
0.908005
-254.000000 121.503906
0.236170 0.000083 -0.000160
0.968347
234.000000 -8.521346
-0.095907 0.018948 -0.000221
0.583998
522.000000 -3.599843
3
-1.777022 0.105967 -0.000272
1.000000
240.000000 8.000677
0.935673 -0.146692 0.001252
0.715610
-226.000000 98.026535
0.708829 -0.023598 0.000024
1.021212
516.000000 -4.300526
3
-1.808718 -0.199655 0.000509
1.000000
266.000000 -18.869749
0.916933 -0.233697 0.000437
0.762705
-312.000000 116.390503
0.398233 0.014576 0.000074
1.101151
572.000000 18.447020
3
-0.786441 0.048517 -0.000096
1.000000
246.000000 5.342727
4.467686 0.021619 0.001360
0.481755
-256.000000 88.093307
3.839915 0.068141 -0.000129
1.343566
640.000000 8.628559
4
-3.723653 0.091605 -0.000390
1.000000
184.000000 -0.064931
-5.620459 -0.860287 -0.000848
0.432184
-138.000000 96.942261
-0.543288 -0.061155 0.000163
0.835242
240.000000 -5.810953
-0.284805 0.009442 0.000486
0.671738
620.000000 8.363645
3
-2.611999 0.052953 -0.000157
1.000000
242.000000 0.990032
0.927988 -0.313179 0.000311
0.807828
-226.000000 87.610054
0.000000 0.000000 0.000000
1.029557
618.000000 0.000000
4
-3.075854 -0.002924 -0.000059
1.000000
260.000000 -7.848563
2.506184 -0.327380 0.000389
0.618108
-266.000000 117.128769
-0.236777 0.008065 -0.000032
0.987877
356.000000 -1.379931
0.000000 0.000000 0.000000
0.538451
578.000000 0.000000
3
-1.296253 0.041607 -0.000099
1.000000
312.000000 2.070520
-1.551401 -0.314755 0.000109
0.977733
-330.000000 114.138084
-0.559851 -0.018779 0.000052
0.966974
588.000000 0.327299
4
-1.252026 0.031695 -0.000037
1.000000
274.000000 4.662702
-1.957417 -0.319459 0.000250
0.565173
-242.000000 89.994720
0.275343 -0.025895 0.000070
0.734630
234.000000 -1.968961
-0.090105 -0.056974 0.000377
0.527635
574.000000 -1.892238
4
-2.580561 0.030491 -0.000105
1.000000
338.000000 -4.306124
-1.693161 -0.389810 -0.000028
1.049507
-284.000000 106.750092
0.450163 0.024079 -0.000077
0.676599
240.000000 1.781125
0.214133 -0.025461 0.000252
0.551465
628.000000 1.974481
4
0.122331 -0.028446 0.000140
1.000000
358.000000 7.848885
1.917616 -0.139913 0.000405
1.048250
-356.000000 103.004547
-0.332415 0.041696 -0.000004
0.771446
256.000000 10.110500
0.568146 0.043635 0.000039
0.632934
694.000000 14.835881
3
-2.266243 0.072310 -0.000160
1.000000
270.000000 5.600844
-2.957306 -0.329710 -0.000044
0.768604
-280.000000 85.884735
-0.506398 0.044964 -0.000049
1.083928
452.000000 9.783262
4
-1.387046 0.082825 -0.000292
1.000000
292.000000 -2.091925
-4.239070 -0.516050 0.000088
1.732905
-280.000000 147.174011
0.376485 -0.030501 0.000215
0.791409
296.000000 10.213649
0.009187 0.129544 -0.000444
0.549007
622.000000 9.448092
4
-0.623381 0.127170 -0.000274
1.000000
296.000000 13.037275
-2.775829 -0.405528 0.000037
0.843389
-308.000000 125.638496
-0.448967 0.028056 0.000076
0.830185
290.000000 14.070223
0.166121 0.065716 0.000017
0.596948
560.000000 10.980310
4
-1.120268 0.069783 -0.000120
1.000000
348.000000 8.581029
0.655170 -0.256133 0.000651
0.788486
-264.000000 113.664482
0.794975 0.062545 -0.000005
0.747864
244.000000 15.776195
-0.015378 0.081854 -0.000207
0.632686
660.000000 8.041961
4
-0.521415 -0.023755 0.000053
1.000000
276.000000 -3.037118
1.024273 -0.131136 0.000883
0.910929
-282.000000 108.205368
0.380262 0.023985 0.000024
0.859108
254.000000 7.998430
-0.301913 0.081754 -0.000240
0.511803
596.000000 6.262662
4
0.005482 -0.010036 0.000050
1.000000
352.000000 2.682479
0.043289 -0.113351 0.000416
1.159067
-388.000000 106.640427
0.172511 0.108234 0.000166
0.794057
282.000000 43.883232
-0.159932 0.241925 -0.000395
0.519942
578.000000 27.731607
4
-2.424968 -0.057952 0.000102
1.000000
438.000000 -8.165927
6.912345 -0.101209 0.000547
1.221307
-454.000000 165.619308
0.312583 -0.019544 0.000025
0.633579
166.000000 -2.237773
-0.801538 0.018131 -0.000059
0.793750
710.000000 -3.542013
3
0.719726 -0.087903 0.000161
1.000000
432.000000 -7.246041
5.347494 0.018083 0.000588
0.954844
-422.000000 102.379433
-0.782101 0.018609 -0.000015
0.998824
654.000000 4.616711
4
-0.118923 -0.035050 0.000079
1.000000
390.000000 -1.727408
1.544137 -0.369171 0.000367
0.505761
-286.000000 137.157043
-0.858667 -0.714134 -0.001878
0.621677
-62.000000 36.199650
-0.093258 -0.026641 0.000041
1.228293
694.000000 -3.638267
4
-0.334526 0.024108 0.000170
1.000000
278.000000 19.486416
-3.654991 -0.370206 0.000335
0.717987
-236.000000 102.367805
0.346221 0.087379 -0.000021
0.827012
266.000000 22.075989
-0.076918 0.163564 -0.000842
0.536468
658.000000 7.171574
4
-3.381396 -0.105473 0.000217
1.000000
320.000000 -14.909869
-0.487388 -0.269796 0.000181
0.988574
-266.000000 84.061661
-0.077709 0.048273 0.000142
0.757875
260.000000 22.097477
-0.511917 0.111994 -0.000701
0.587685
682.000000 0.715305
4
-1.530619 -0.119162 0.000252
1.000000
364.000000 -11.452108
-1.788684 -0.426832 -0.000006
1.046110
-286.000000 119.784996
-0.041335 0.045427 0.000120
0.661320
224.000000 16.132309
-0.104654 0.143253 -0.000880
0.448906
646.000000 5.278790
4
-2.928737 0.048026 -0.000170
1.000000
244.000000 -1.306678
4.802175 -0.106701 0.001511
0.959300
-316.000000 189.420242
0.826113 -0.027940 -0.000045
0.909737
250.000000 -8.978241
-0.844443 0.060363 -0.000401
0.552366
598.000000 -6.054529
3
0.705472 -0.051788 0.000165
1.000000
276.000000 -0.996096
3.156898 -0.148160 0.001138
0.907597
-286.000000 138.631470
1.359903 0.003481 -0.000031
1.224547
652.000000 -3.407622
4
-0.671779 0.052763 0.000104
1.000000
300.000000 24.518320
3.671478 0.017543 0.001171
0.559436
-276.000000 88.047974
-0.035876 0.030714 0.000016
0.970911
350.000000 12.733654
0.000000 0.000000 0.000000
0.545839
600.000000 0.000000
3
3.079209 0.076030 -0.000370
1.000000
118.000000 6.896481
0.563176 -0.365283 0.002630
0.256438
-136.000000 98.887047
3.898358 0.083779 -0.000304
1.800894
584.000000 -2.546918
3
-0.183304 -0.020896 -0.000023
1.000000
248.000000 -6.780323
1.966330 -0.267767 0.001316
0.672826
-240.000000 142.007980
0.754170 0.024741 -0.000010
1.091625
586.000000 8.306151
4
-0.522586 0.026945 0.000143
1.000000
224.000000 12.675343
-5.355776 -0.714533 0.000391
0.691633
-174.000000 130.807068
0.058380 -0.114617 0.000315
0.715955
222.000000 -9.839668
0.000000 0.000000 0.000000
0.466136
562.000000 0.000000
4
-1.408259 0.079426 -0.000104
1.000000
294.000000 12.986755
-1.878807 -0.584694 0.000452
1.107186
-218.000000 147.087784
0.194023 0.049452 -0.000057
0.748820
220.000000 8.300283
0.169700 0.080785 -0.000269
0.499971
630.000000 5.992106
4
2.002840 0.128254 -0.000329
1.000000
278.000000 12.233044
-3.673633 -0.453157 0.000158
1.076621
-238.000000 113.134979
0.195015 -0.015637 0.000120
0.759070
254.000000 3.965447
0.000000 0.000000 0.000000
0.542358
650.000000 0.000000
4
-0.538193 0.007443 0.000024
1.000000
362.000000 5.313190
-4.298355 -0.436448 0.000063
1.060467
-290.000000 127.602203
0.216241 -0.015051 0.000109
0.661447
202.000000 1.614368
0.243146 0.044559 -0.000246
0.508952
616.000000 1.788898
4
0.292805 -0.017808 0.000030
1.000000
298.000000 -2.349314
-0.585298 -0.332591 0.000422
1.047886
-266.000000 117.768349
0.230593 -0.024357 0.000061
0.802355
268.000000 -1.913786
0.000000 0.000000 0.000000
0.570287
664.000000 0.000000
4
-0.389839 0.005674 0.000072
1.000000
234.000000 4.893580
1.553140 -0.140517 0.000559
0.909528
-288.000000 88.350700
-0.311506 0.006845 -0.000000
1.094612
374.000000 2.245183
0.000000 0.000000 0.000000
0.540243
552.000000 0.000000
4
-0.542852 0.007248 0.000029
1.000000
292.000000 4.087553
0.276489 -0.244867 0.000736
1.012297
-338.000000 167.179550
-0.266974 -0.116494 0.000111
0.776542
210.000000 -19.849075
-0.854307 -0.006985 -0.000004
0.606518
636.000000 -2.704410
4
1.135478 -0.014105 0.000087
1.000000
330.000000 5.994906
-0.060454 -0.267151 0.000209
1.097667
-304.000000 100.454918
0.000000 0.000000 0.000000
0.696992
238.000000 0.000000
-0.268066 0.036080 -0.000353
0.510477
640.000000 -2.801884
4
-1.781185 0.060197 -0.000057
1.000000
248.000000 9.659287
-0.621298 -0.186217 0.000343
0.962686
-268.000000 73.920601
0.252176 -0.024659 0.000063
0.792532
258.000000 -1.937866
0.000000 0.000000 0.000000
0.590672
638.000000 0.000000
4
-0.836877 0.022320 -0.000063
1.000000
278.000000 0.482057
-2.285328 -0.179443 0.000437
0.981238
-254.000000 71.498611
-0.517621 -0.114733 0.000255
0.715674
254.000000 -13.207793
0.000000 0.000000 0.000000
0.575431
622.000000 0.000000
3
-0.356734 0.067315 0.000180
1.000000
222.000000 23.467945
-0.733775 -0.519639 0.000533
0.985570
-246.000000 159.374634
0.590108 -0.021921 0.000093
1.179881
630.000000 6.112553
4
-0.464744 0.019350 0.000102
1.000000
294.000000 14.057127
-5.198698 -0.646828 -0.000042
0.683914
-236.000000 145.116058
-0.094111 -0.036246 0.000008
0.711829
228.000000 -7.934733
0.000000 0.000000 0.000000
0.461656
616.000000 0.000000
4
0.135948 -0.028939 0.000112
1.000000
266.000000 0.370075
0.684624 -0.398634 0.000556
1.181779
-312.000000 179.173798
0.036470 -0.012000 0.000119
1.002317
332.000000 9.152363
0.104233 0.155941 -0.001428
0.508134
626.000000 3.127271
4
-0.166025 -0.151780 0.000536
1.000000
270.000000 -2.063219
2.350452 -0.146937 0.000757
1.034150
-324.000000 129.393661
0.945617 -0.001481 0.000077
0.831130
246.000000 5.251485
-0.372892 0.029744 -0.000104
0.565443
626.000000 1.492028
4
-0.959101 0.027205 -0.000061
1.000000
304.000000 1.661530
-1.910535 -0.280245 0.000864
0.953477
-278.000000 142.733871
0.134965 -0.068428 0.000183
0.725147
226.000000 -5.960959
-0.124885 0.006399 0.000023
0.529610
590.000000 1.137024
3
0.595749 -0.045318 0.000129
1.000000
318.000000 -0.761854
3.624691 -0.152197 0.000758
1.089051
-344.000000 145.735428
0.067035 -0.021531 0.000021
1.062123
420.000000 -5.344823
3
-0.599783 -0.085095 0.000167
1.000000
260.000000 -11.455441
2.292189 -0.357490 -0.000028
1.912013
-304.000000 108.392799
-0.131443 0.016444 -0.000029
1.067224
596.000000 1.749292
4
-1.358187 0.035260 -0.000024
1.000000
282.000000 6.639741
-0.972552 -0.349953 -0.000119
0.665484
-308.000000 95.508476
0.646707 0.000866 0.000067
0.846450
326.000000 8.017171
-0.134903 0.070534 -0.000328
0.557963
622.000000 3.497757
4
1.820463 -0.071954 0.000159
1.000000
394.000000 -1.808842
0.252476 -0.461058 0.000247
1.287426
-414.000000 233.481049
-0.259737 0.000402 0.000132
0.737870
256.000000 8.510272
-0.011190 -0.006075 0.000079
0.438689
590.000000 1.507908
4
-0.350796 -0.073908 0.000391
1.000000
292.000000 11.440178
4.096382 -0.303021 0.001136
1.029494
-312.000000 209.217102
1.491933 0.270844 -0.000982
0.811746
194.000000 17.070292
-0.636292 0.033018 -0.000141
0.541915
622.000000 -0.210623
3
0.736529 0.086952 -0.000085
1.000000
332.000000 20.275145
6.318331 -0.121091 0.001266
1.147324
-410.000000 268.825684
5.571539 0.093192 -0.000101
1.248734
648.000000 26.498114
3
4.221479 -0.001081 0.000213
1.000000
368.000000 32.656765
4.929858 -0.210826 0.000512
0.556668
-394.000000 167.475021
10.934273 0.288870 -0.000512
1.115510
616.000000 39.902512
4
-1.406305 0.051145 -0.000075
1.000000
230.000000 6.395274
-0.658882 -0.128929 0.000966
0.397667
-192.000000 59.694183
0.130115 0.081182 -0.000072
0.811493
202.000000 13.609767
-0.117889 0.133363 -0.000760
0.548304
584.000000 5.210376
4
0.809689 0.048895 -0.000123
1.000000
356.000000 2.663211
2.244760 -0.148748 0.000919
1.118246
-366.000000 179.810516
0.000000 0.000000 0.000000
0.755465
234.000000 0.000000
-0.268703 0.027133 -0.000203
0.470004
614.000000 -2.534748
4
2.315683 -0.176488 0.000451
1.000000
346.000000 -4.701449
4.012516 -0.332749 0.001114
1.049237
-238.000000 146.285461
0.975519 0.056242 -0.000213
0.702758
204.000000 3.581563
-0.114001 0.120218 -0.000455
0.557540
630.000000 7.831617
4
0.282150 -0.024030 0.000048
1.000000
318.000000 -2.542597
-3.147267 -0.400932 0.000239
1.180502
-312.000000 145.247208
-0.195269 -0.049534 0.000144
0.732054
244.000000 -3.721343
-0.296315 0.039521 -0.000408
0.481445
592.000000 -2.190489
4
0.405104 -0.008251 0.000119
1.000000
330.000000 10.631340
1.559768 -0.417371 0.000373
1.205999
-348.000000 192.006760
0.432167 -0.019085 0.000038
0.996533
416.000000 -0.861593
0.000000 1.000000 0.000000
0.515988
610.000000 -8.000000
5
1.171585 -0.045945 0.000248
1.000000
372.000000 18.395557
-3.361461 -0.342162 0.000373
0.940086
-366.000000 171.789490
1.534505 -1.833541 -0.025918
0.572282
-20.000000 27.837997
1.791872 0.053661 -0.000101
1.073347
428.000000 6.301323
0.000000 0.571429 0.000000
0.920778
648.000000 -8.000000
4
-1.461780 -0.013072 -0.000002
1.000000
324.000000 -5.945615
2.731991 -0.235741 0.000495
0.829220
-340.000000 140.126312
1.674085 0.093996 -0.000290
0.820045
246.000000 7.266555
-0.121869 0.026732 -0.000344
0.559655
650.000000 -7.681168
4
-0.228812 0.004034 0.000001
1.000000
326.000000 1.170162
2.264627 -0.097730 0.001309
1.003033
-318.000000 165.695328
0.629411 -0.027218 -0.000130
0.828681
274.000000 -16.594891
-0.565343 -0.023127 -0.000263
0.539245
660.000000 -13.738211
4
-0.343183 0.003815 0.000026
1.000000
326.000000 3.706492
-0.135411 -0.159207 0.000896
1.104897
-368.000000 179.818390
0.317675 -0.013062 0.000014
0.797309
274.000000 -2.211572
0.119661 -0.015991 0.000158
0.480141
582.000000 1.222733
4
-1.518746 0.030369 -0.000031
1.000000
326.000000 5.050873
0.162785 -0.302495 0.000769
1.060705
-334.000000 186.997147
0.637354 -0.092423 0.000165
0.803604
284.000000 -12.286678
-0.105028 0.008576 0.000012
0.550904
608.000000 2.088114
4
-0.581948 0.013096 0.000004
1.000000
306.000000 3.841219
2.202214 -0.358017 0.000509
1.083171
-352.000000 191.342636
1.642887 -0.092988 0.000038
0.807704
274.000000 -21.012924
-0.283188 -0.021228 0.000051
0.529064
624.000000 -2.470595
4
0.231614 -0.018459 0.000042
1.000000
258.000000 -1.738450
-1.369821 -0.360355 0.000705
1.030402
-288.000000 160.926773
0.339599 0.047347 -0.000133
0.856869
258.000000 3.699629
0.535378 -0.022302 0.000411
0.620447
612.000000 4.255919
4
0.968269 -0.054727 0.000376
1.000000
354.000000 28.728745
7.319393 -0.156087 0.000610
1.156996
-388.000000 159.661377
0.790207 0.073814 -0.000226
0.819340
280.000000 3.715200
0.213613 0.008781 -0.000330
0.514185
664.000000 -13.279523
3
0.195267 -0.007557 0.000159
1.000000
338.000000 15.825203
1.713983 -0.207381 0.000339
1.003609
-334.000000 108.785759
2.036186 0.006180 -0.000018
0.958236
608.000000 1.721002
3
2.991463 -0.018230 0.000206
1.000000
394.000000 27.753334
4.716389 -0.296602 0.000107
0.720593
-358.000000 124.578598
2.232682 0.035586 -0.000068
1.020799
462.000000 4.202710
3
4.416564 -0.003064 0.000147
1.000000
374.000000 23.799377
5.761086 -0.074411 0.000288
2.026559
-428.000000 90.432259
3.651878 0.091656 -0.000146
1.122847
668.000000 12.929390
3
1.655644 -0.083551 0.000249
1.000000
376.000000 5.480167
5.363536 -0.323018 0.000263
0.677856
-460.000000 209.583694
2.827265 -0.038352 0.000014
1.117271
640.000000 -13.247013
5
2.177294 -0.103224 0.000432
1.000000
318.000000 13.080202
1.203058 -0.550771 -0.000331
0.404254
-222.000000 107.149139
-1.211601 -0.499355 0.000659
0.710911
-168.000000 101.281761
0.951569 0.009542 0.000090
1.236413
288.000000 11.187188
-0.199407 0.085270 -0.000238
0.826500
618.000000 6.908529
3
1.609100 -0.055299 0.000099
1.000000
368.000000 -5.335198
15.080996 -0.428586 0.000158
1.004570
-376.000000 198.585007
9.174213 0.237974 -0.000185
1.328040
726.000000 84.882538
3
0.589158 -0.095067 0.000176
1.000000
418.000000 -8.424972
7.939229 -0.173571 0.000934
0.593844
-434.000000 259.181854
22.973988 0.170958 -0.000243
1.225556
704.000000 39.339886
5
0.000000 0.000000 0.000000
1.000000
104.000000 0.000000
-2.497050 0.250128 -0.001359
0.160480
94.000000 9.005139
-0.540035 -0.304749 0.000760
1.702142
-138.000000 55.986439
0.927601 0.058711 -0.000231
1.056170
196.000000 3.564941
-0.223300 -0.031494 0.000041
0.657249
604.000000 -3.140845
4
1.553010 -0.025280 0.000278
1.000000
242.000000 11.715192
-1.393408 -0.335294 0.000287
1.207625
-274.000000 111.995026
0.450842 0.024835 -0.000100
0.895461
282.000000 -0.506898
-0.109302 0.026835 -0.000373
0.513407
594.000000 -1.254500
3
0.345391 -0.025775 0.000148
1.000000
332.000000 8.050306
3.143398 -0.300708 0.000672
0.965418
-294.000000 149.631729
5.295664 0.276068 -0.000662
1.084792
640.000000 9.248888
4
-0.925965 0.022117 0.000135
1.000000
226.000000 10.971630
-1.093938 -0.301330 0.000912
0.552437
-228.000000 115.020302
0.899217 -0.056005 0.000068
0.853492
238.000000 -8.600247
-0.346595 0.071524 -0.000925
0.518730
588.000000 -3.406872
4
3.157962 0.013971 0.000033
1.000000
424.000000 14.949774
2.765045 -0.108114 0.000704
1.278288
-374.000000 141.696579
-0.091371 0.013856 -0.000166
0.710645
262.000000 -7.889639
-0.953705 0.218039 -0.003669
0.436699
624.000000 -28.956800
3
2.669525 0.020925 0.000098
1.000000
432.000000 29.917698
5.881705 -0.154619 0.000632
1.201767
-430.000000 189.236115
9.513417 0.319006 -0.000569
0.958609
574.000000 46.594524
3
0.137884 0.146832 -0.000330
1.000000
256.000000 16.073467
-2.148662 -0.383049 0.000305
0.399667
-264.000000 120.208397
12.738674 0.093190 -0.000284
1.398276
614.000000 -5.404106
5
-0.514231 -0.001284 0.000027
1.000000
238.000000 0.727671
-1.728534 -0.624928 -0.000608
0.454002
-238.000000 112.561447
0.303538 -1.261962 -0.012098
0.637497
-32.000000 28.298063
1.858605 0.068101 -0.000257
1.303052
366.000000 -7.610263
0.000000 1.000000 0.000000
0.888466
588.000000 -2.000000
4
-0.246072 0.003175 0.000024
1.000000
274.000000 2.414721
-3.357571 -0.617689 -0.000244
1.016584
-292.000000 156.178391
0.505191 -0.010961 -0.000163
0.842748
276.000000 -14.971970
-0.370275 0.068550 -0.003106
0.479322
564.000000 -20.354874
3
-0.358175 0.070045 -0.000497
1.000000
160.000000 -1.879528
-2.411707 0.365198 -0.002367
0.202312
96.000000 10.831985
5.309647 -0.451965 0.000407
2.935132
-10.000000 294.428711
5
-2.259118 0.128237 -0.000243
1.000000
250.000000 14.599527
1.687541 -0.704386 -0.000094
0.363553
-248.000000 170.578751
-1.691702 -0.754321 0.004034
0.706375
-88.000000 95.927567
1.576227 -0.097269 -0.000258
0.982032
224.000000 -33.140347
0.036563 -0.173508 -0.000019
0.808837
580.000000 -33.962414
4
-2.641333 -0.043700 0.000121
1.000000
336.000000 -3.629586
-3.292450 -0.485091 0.000646
1.231376
-312.000000 210.914154
0.050096 -0.078338 0.000149
0.778661
298.000000 -10.072590
-0.196269 0.021777 -0.000070
0.452522
662.000000 1.424391
4
-2.703355 0.052369 0.000059
1.000000
306.000000 18.851686
4.534398 -0.129609 0.001219
1.086991
-378.000000 227.710754
1.329157 0.055885 -0.000320
0.846439
230.000000 -2.748013
0.000000 0.000000 0.000000
0.509360
632.000000 0.000000
4
-0.654765 0.006757 0.000069
1.000000
304.000000 7.789289
4.065761 -0.247126 0.001010
1.041276
-362.000000 225.858719
1.224233 0.059231 -0.000257
0.831947
220.000000 1.810757
0.000000 0.000000 0.000000
0.482976
612.000000 0.000000
3
-0.301302 -0.055695 0.000202
1.000000
334.000000 3.629146
0.855874 -0.464505 0.000757
1.134034
-346.000000 252.152863
-0.422889 0.015867 -0.000063
0.954274
352.000000 -2.590231
4
3.035695 -0.035689 0.000093
1.000000
322.000000 1.152111
-2.006109 -0.538481 0.000606
1.384747
-216.000000 142.595093
0.729982 -0.548839 -0.003588
0.657431
-26.000000 12.574469
-0.476097 0.023404 -0.000136
0.867555
586.000000 -5.716173
4
-0.484657 0.035639 -0.000038
1.000000
246.000000 5.997536
-9.782364 -0.753168 -0.000758
0.994771
-160.000000 91.307625
-0.759448 0.103212 -0.000599
0.653802
230.000000 -8.729911
0.000000 -0.119048 -0.011905
0.516335
574.000000 -6.000000
4
-0.877612 -0.082842 0.000191
1.000000
248.000000 -9.701780
0.782023 -0.228178 0.001462
1.000809
-198.000000 103.263924
-0.249106 -0.098023 0.000245
0.738336
198.000000 -10.060965
-0.236457 -0.072059 -0.001543
0.501857
530.000000 -12.840371
3
-0.815803 0.029457 -0.000057
1.000000
240.000000 2.962172
5.516315 -0.045011 0.001302
0.961125
-274.000000 115.628082
3.489491 -0.039223 -0.000043
1.160483
534.000000 -14.109897
4
-0.493171 0.009039 0.000026
1.000000
236.000000 3.107063
0.671599 -0.442276 0.000596
0.568518
-178.000000 98.276665
-0.290816 0.031751 -0.000328
0.701073
162.000000 -3.746713
0.173111 -0.286400 0.002391
0.466121
464.000000 -8.253434
3
-0.131166 0.002739 0.000005
1.000000
268.000000 0.945760
-1.749159 -0.614997 0.000636
1.036184
-196.000000 143.222397
2.905911 0.016159 -0.000240
1.011124
554.000000 -11.180938
3
-0.430623 0.015568 0.000063
1.000000
268.000000 8.234627
2.739958 -0.392601 0.001073
0.744194
-244.000000 162.389099
1.207906 -0.051170 0.000010
0.945307
518.000000 -13.029305
3
-1.148612 0.167929 -0.000550
1.000000
216.000000 9.470546
8.631027 -0.037221 0.001548
0.558077
-266.000000 128.095734
5.107900 -0.055072 -0.000074
1.280105
514.000000 -23.229345
3
-1.858379 0.111065 -0.000598
1.000000
190.000000 -2.356143
1.057262 -0.352278 0.001983
0.501626
-174.000000 122.400589
-0.558404 -0.159046 0.000272
0.994383
484.000000 -23.224083
4
1.125556 -0.061594 0.000242
1.000000
260.000000 1.437854
-0.528553 -0.470252 0.001257
0.818298
-206.000000 149.705521
-0.340585 -0.160737 0.000197
0.707676
182.000000 -23.081758
-0.199862 0.054047 -0.002552
0.452050
544.000000 -15.202678
4
-1.899987 0.122431 -0.000550
1.000000
178.000000 2.461211
-1.028488 -0.641681 0.000407
0.670510
-140.000000 96.783363
-1.192563 -0.618451 0.011113
0.651268
-42.000000 44.385693
2.912619 0.002605 -0.000363
1.395764
492.000000 -17.716215
3
-1.994726 0.074155 -0.000464
1.000000
188.000000 -4.463574
-0.312593 -0.533492 0.000879
0.649064
-178.000000 122.509933
21.197777 0.082031 -0.000322
1.275397
532.000000 19.497194
3
0.624228 -0.029601 0.000019
1.000000
218.000000 -4.919591
1.308716 -0.285463 0.003599
0.691774
-184.000000 175.692291
-1.684809 -0.059118 -0.000544
0.995090
520.000000 -56.630787
4
1.328994 -0.074212 0.000216
1.000000
232.000000 -4.278533
8.131886 -0.158397 0.001228
0.606062
-242.000000 118.396362
0.531986 0.059278 -0.000581
1.116038
274.000000 -26.868465
-3.333333 0.000000 0.000000
0.503548
522.000000 -3.333333
3
0.747679 -0.054575 0.000344
1.000000
224.000000 5.768618
6.605362 -0.503564 0.003674
0.963183
-174.000000 205.462692
0.584371 -0.080950 -0.000016
1.040129
532.000000 -18.691200
4
-1.068764 0.083472 -0.000031
1.000000
210.000000 15.073965
2.627697 -0.851173 0.000895
0.617495
-106.000000 102.909966
0.098433 0.003230 -0.000348
0.686764
156.000000 -7.869800
0.000000 -0.333333 0.000000
0.464238
532.000000 -2.000000
4
-0.953976 0.041289 -0.000096
1.000000
198.000000 3.471218
-0.940624 -0.340252 0.000813
1.041134
-186.000000 90.488159
-0.564292 0.104254 -0.000394
1.103818
314.000000 -6.682532
0.000000 0.000000 0.000000
0.599364
576.000000 0.000000
3
0.404064 -0.047284 0.000160
1.000000
194.000000 -2.732947
4.871216 -0.120132 0.003234
0.785550
-156.000000 102.314339
-0.526508 0.084693 -0.000515
1.043717
552.000000 -12.619490
3
0.115322 -0.019978 0.000188
1.000000
180.000000 2.617641
3.577724 -0.234598 0.002406
0.645973
-178.000000 121.557358
1.233957 -0.054262 -0.000025
1.191950
566.000000 -17.415480
4
-0.732654 -0.020773 0.000104
1.000000
194.000000 -0.856223
-3.117399 -0.555136 0.000743
0.578799
-126.000000 78.620941
-0.292679 0.026973 -0.000076
0.810094
210.000000 2.005382
0.000000 0.200000 -0.012500
0.539542
578.000000 -1.000000
3
-0.581150 0.028166 -0.000180
1.000000
198.000000 -2.053979
5.074243 -0.038007 0.003139
0.965018
-190.000000 125.600479
-0.367297 0.052591 -0.000248
1.119055
540.000000 -4.544781
3
-0.987375 0.029027 -0.000146
1.000000
172.000000 -0.308285
3.340864 -0.221337 0.001812
0.522140
-170.000000 93.339111
-0.584125 -0.005649 -0.000292
1.188773
554.000000 -23.742531
4
-2.655037 -0.004871 -0.000079
1.000000
170.000000 -5.752044
-3.572152 -0.806375 0.000367
0.595076
-110.000000 89.567818
0.105905 0.056527 -0.000348
0.739496
160.000000 0.248618
0.000000 -0.033333 -0.003333
0.469326
544.000000 -4.000000
3
-3.846029 0.099873 -0.000510
1.000000
170.000000 -1.599964
3.855115 -0.193601 0.004161
0.962110
-154.000000 132.347717
0.798424 -0.065905 0.000074
1.068444
528.000000 -10.367737
3
0.680714 -0.015002 0.000410
1.000000
234.000000 19.644051
-0.191133 -0.391340 0.000497
0.705197
-154.000000 71.870522
0.686962 0.068664 -0.000011
0.723987
526.000000 13.328979
4
-1.025937 0.041334 -0.000046
1.000000
176.000000 4.817342
1.811987 -0.111973 0.002196
0.665677
-148.000000 66.475655
0.467488 0.027696 -0.000033
0.798535
162.000000 4.078408
0.003128 0.132265 -0.002085
0.463989
472.000000 1.957780
4
0.152870 0.032744 0.000007
1.000000
192.000000 6.690629
-0.561922 -0.575931 0.001450
0.988696
-118.000000 87.583908
-0.218785 0.019352 -0.000179
0.778819
158.000000 -1.618903
0.000000 0.000000 0.000000
0.530826
530.000000 0.000000
4
-1.332087 0.075308 -0.000218
1.000000
160.000000 5.140056
-1.499054 -0.481096 0.000868
0.928975
-114.000000 64.620712
0.234125 0.051753 -0.000302
0.826642
172.000000 0.196188
0.000000 0.375000 -0.020833
0.518542
520.000000 -3.000000
4
-1.425533 0.054226 -0.000278
1.000000
192.000000 -1.274175
-0.246378 -0.403784 0.003325
0.893315
-94.000000 67.086479
0.000000 0.000000 0.000000
0.730260
168.000000 0.000000
0.000000 0.000000 0.000000
0.535903
508.000000 0.000000
3
-1.350871 0.071559 -0.000138
1.000000
196.000000 7.362787
-2.235601 -0.847372 -0.001230
1.071540
-106.000000 73.766235
0.000000 0.000000 0.000000
0.673511
516.000000 0.000000
3
-0.481944 0.076732 -0.000130
1.000000
184.000000 9.222363
-0.697708 -0.516417 0.000977
0.769083
-102.000000 62.144855
0.061828 0.007911 -0.000379
0.692484
154.000000 -7.699380
3
-1.717178 -0.002491 0.000018
1.000000
166.000000 -1.634321
2.637846 -0.704881 0.000173
1.970063
-150.000000 112.255180
0.106451 -0.009769 -0.000138
0.876045
186.000000 -6.475003
4
-0.484301 0.022694 -0.000091
1.000000
156.000000 0.850147
2.871447 -0.076541 0.005693
1.701342
-110.000000 80.174622
-0.054552 -0.002903 0.000112
0.843300
158.000000 2.293678
0.061977 -0.067930 0.001876
0.502854
498.000000 1.602314
4
-2.130433 0.107334 -0.000474
1.000000
144.000000 3.494992
0.057406 -0.220756 0.003947
0.884488
-116.000000 78.779449
0.052889 0.023702 -0.000517
0.882376
168.000000 -10.559948
0.000000 -0.220833 0.001042
0.497519
500.000000 -6.000000
3
0.575524 -0.042455 0.000337
1.000000
184.000000 4.179169
8.609713 0.002838 0.003502
1.004172
-166.000000 104.629494
0.933440 0.042240 -0.000514
1.141306
512.000000 -15.777528
3
0.147133 -0.022010 0.000204
1.000000
202.000000 4.006093
-2.340167 -0.963061 -0.000029
0.679558
-88.000000 82.185951
0.000000 0.000000 0.000000
0.571023
500.000000 0.000000
4
0.000000 0.333333 0.000000
1.000000
12.000000 4.000000
-0.993753 0.079876 -0.000183
1.014392
186.000000 7.529503
-0.131789 -0.260618 0.000812
1.729979
-186.000000 76.451584
-0.560417 0.108743 -0.000738
0.817749
476.000000 -4.890017
3
-0.612047 0.023547 -0.000075
1.000000
200.000000 1.078456
4.504338 -0.060118 0.004091
0.719295
-174.000000 138.824158
0.878879 -0.054024 0.000045
0.940697
472.000000 -8.634829
3
-1.674640 0.077300 -0.000460
1.000000
198.000000 -4.411851
2.393667 -0.286348 0.002997
0.565530
-138.000000 98.982597
0.864714 -0.050866 -0.000133
0.914915
494.000000 -15.254498
4
-0.446279 -0.131290 0.000539
1.000000
200.000000 -5.127519
-6.499009 -1.263961 -0.003158
0.773123
-102.000000 89.564148
0.000000 0.000000 0.000000
0.560572
130.000000 0.000000
-0.000000 -0.084034 0.004202
0.445085
536.000000 2.000000
4
-2.397043 0.008648 -0.000010
1.000000
164.000000 -1.258567
-4.494813 -0.748488 -0.000322
1.168269
-102.000000 68.503479
0.449262 0.021055 0.000003
0.694785
164.000000 3.977374
0.000000 0.500000 0.000000
0.547635
552.000000 1.000000
4
-1.715918 0.107203 -0.000087
1.000000
290.000000 22.016077
-3.835552 -0.685642 -0.000308
1.283856
-208.000000 125.441704
0.000000 0.000000 0.000000
0.720723
240.000000 0.000000
0.000000 0.000000 0.000000
0.472925
520.000000 0.000000
3
1.658954 0.057307 -0.000061
1.000000
348.000000 14.271170
6.302725 -0.429019 0.000654
1.207561
-316.000000 207.222137
0.508474 -0.014962 -0.000038
0.917175
536.000000 -8.762375
4
-0.216733 -0.064465 0.000156
1.000000
358.000000 -3.258968
1.124944 -0.132824 0.000976
0.750941
-348.000000 165.579849
0.189608 -0.011665 -0.000004
0.836324
336.000000 -4.199151
-0.016848 0.099525 -0.003261
0.438378
562.000000 -1.253093
